0.0,0.0,0.0,0.007819022,-0.010891972,-0.0057372516
-0.0047900393,1.9160157,9.814791,0.011014815,-0.015685663,0.0033174965
-0.028740235,1.949546,9.81,0.01208008,-0.0082288105,-4.109291E-4
-0.07664063,1.9160157,9.766891,0.012612713,-0.018881455,0.0017195998
-0.09101075,1.9447559,9.77647,0.02113483,-0.021544617,-9.435613E-4
-0.06706055,1.9687061,9.70941,0.015808506,-0.016218293,0.0027848643
-0.07185059,1.954336,9.7812605,0.024330622,-0.015685663,6.5433537E-4
-0.05748047,1.8776954,9.72857,0.016873771,-0.016750926,-0.0052046194
-0.0047900393,1.9399658,9.690249,0.028059047,-0.014087766,-9.435613E-4
0.033530276,1.9830762,9.7621,0.018471668,-0.01515303,-0.006269884
0.0047900393,1.9639161,9.718989,0.022732725,-0.009826709,-0.004671987
0.043110352,1.949546,9.69504,0.025395887,-0.0013045925,-0.01266147
-0.047900394,1.9974464,9.656719,0.022200093,-0.0082288105,-0.013726735
0.14849122,2.0118165,9.5561285,0.02113483,-0.009826709,-0.014791999
0.10538086,1.9255958,9.575289,0.020602196,0.00402173,-0.017987793
0.10538086,1.9351759,9.522598,0.010482184,-7.7196024E-4,-0.02491201
0.033530276,1.9160157,9.513018,0.009949551,0.0013585687,-0.021716218
0.1580713,1.8872755,9.498648,0.0019600675,0.01094595,-0.01958569
0.17244141,1.8345851,9.599238,-0.008159945,0.007750155,-0.024379378
0.14849122,1.949546,9.546548,-0.012953634,0.007217523,-0.028107805
0.18681154,1.9016455,9.560919,-0.0140189,0.019468065,-0.029173069
0.21076173,1.8106349,9.565708,-0.017214691,0.023729123,-0.03183623
0.21076173,1.8681153,9.551338,-0.025736807,0.015739638,-0.027575172
0.21076173,1.7531544,9.589659,-0.027334705,0.021065962,-0.03396676
0.17244141,1.7387843,9.589659,-0.028932601,0.02319649,-0.040358346
0.1580713,1.7531544,9.637559,-0.036922086,0.0184028,-0.051543623
0.19160157,1.710044,9.551338,-0.04011788,0.020533329,-0.05047836
0.100590825,1.7818946,9.551338,-0.048639994,0.014141742,-0.061131004
0.05748047,1.719624,9.632769,-0.0454442,0.014141742,-0.06326153
0.038320314,1.7004639,9.64714,-0.051835787,0.007217523,-0.06912048
-0.038320314,1.8010547,9.704619,-0.052368417,0.009880684,-0.06698996
-0.12454102,1.7866846,9.74773,-0.056096844,0.0056196265,-0.06485943
-0.07185059,1.8633252,9.75731,-0.05769474,-2.3932802E-4,-0.074446805
-0.11496094,1.8585353,9.80521,-0.060357902,-0.005033018,-0.07391418
-0.12933107,1.8537452,9.7621,-0.063021064,0.0018912009,-0.067522585
-0.16765137,1.9255958,9.75252,-0.06408633,-0.010359339,-0.068587855
-0.081430666,1.8872755,9.829161,-0.051835787,-0.013022501,-0.06592469
-0.06706055,1.8824854,9.7812605,-0.060357902,-0.008761443,-0.0627289
-0.11496094,1.9016455,9.72378,-0.06568423,-0.0119572375,-0.058467843
-0.1341211,1.8776954,9.77168,-0.060357902,-0.0055656503,-0.053674154
-0.06706055,1.9351759,9.75252,-0.067282125,-0.0066309148,-0.049413096
-0.20118165,1.949546,9.74773,-0.061423168,-0.0039677536,-0.04888046
-0.07664063,1.9208057,9.77168,-0.067282125,-7.7196024E-4,-0.047282565
-0.20118165,1.8872755,9.685459,-0.062488433,-0.0029024892,-0.041956246
-0.033530276,2.0070264,9.73815,-0.056096844,0.009880684,-0.039293084
-0.14849122,2.0166066,9.733359,-0.060357902,0.006684891,-0.03876045
-0.13891114,1.9639161,9.7142,-0.056629475,0.0050869943,-0.036629923
-0.06706055,1.9591261,9.72378,-0.059292637,0.006684891,-0.029705701
-0.1101709,1.8729054,9.74773,-0.05716211,0.013076479,-0.029705701
-0.086220704,1.9351759,9.733359,-0.05982527,0.011478581,-0.025444644
-0.07664063,1.8776954,9.70941,-0.053966317,0.022131227,-0.022248851
-0.033530276,1.8968556,9.7142,-0.05822737,0.013609109,-0.023314115
-0.06706055,1.9351759,9.74294,-0.05769474,0.0152070075,-0.021716218
-0.023950197,1.8681153,9.78605,-0.051835787,0.008815421,-0.021716218
-0.06706055,1.8106349,9.77647,-0.051835787,0.0152070075,-0.01745516
-0.086220704,1.8154249,9.75252,-0.060357902,0.022131227,-0.014791999
-0.09101075,1.7962648,9.83874,-0.056096844,0.015739638,-0.02011832
-0.07664063,1.710044,9.833951,-0.056629475,0.0152070075,-0.016389895
-0.09101075,1.719624,9.848321,-0.056629475,0.014141742,-0.01745516
-0.043110352,1.7579445,9.910591,-0.05769474,0.010413317,-0.018520424
-0.05269043,1.7579445,9.79084,-0.059292637,0.014141742,-0.016389895
-0.033530276,1.705254,9.85311,-0.053433683,0.0013585687,-0.019053057
-0.05748047,1.6669337,9.848321,-0.048639994,-2.3932802E-4,-0.014791999
-0.06227051,1.7339942,9.857901,-0.048639994,-0.0029024892,-0.0099983085
-0.047900394,1.7148341,9.924961,-0.04810736,-0.0082288105,-0.015324632
-0.028740235,1.7675245,9.83874,-0.04065051,-0.0060982825,-0.009465677
-0.028740235,1.695674,9.82437,-0.044911567,-0.009826709,-0.008933045
-0.014370117,1.7483643,9.80521,-0.0438463,-0.0055656503,-0.011063574
-0.119750984,1.7339942,9.81958,-0.0438463,-0.0055656503,-0.01266147
-0.09580079,1.8345851,9.70941,-0.0438463,-0.004500386,-0.016389895
-0.038320314,1.7866846,9.766891,-0.046509463,-0.0034351214,-0.013726735
-0.033530276,1.8345851,9.77647,-0.04757473,-0.0060982825,-0.015324632
-0.019160157,1.8489552,9.72378,-0.048639994,8.2593644E-4,-0.011596206
-0.07185059,1.8202149,9.718989,-0.0438463,-2.3932802E-4,-0.015857263
-0.06227051,1.8585353,9.81,-0.04118314,0.0056196265,-0.011596206
-0.12454102,1.8441651,9.77168,-0.045976833,0.0024238331,-0.011063574
-0.12454102,1.7771046,9.83874,-0.0454442,0.004554362,-0.0073351483
-0.1341211,1.829795,9.891431,-0.04118314,0.004554362,-0.0036067225
-0.21076173,1.8345851,9.920172,-0.036922086,2.933042E-4,-0.0014761935
-0.119750984,1.9255958,9.924961,-0.036922086,-2.3932802E-4,0.0017195998
-0.09101075,1.8776954,10.001602,-0.036922086,-0.002369857,-0.0014761935
-0.09580079,1.8633252,10.078242,-0.029997865,-0.014620397,0.0011869676
-0.2203418,1.8872755,9.992022,-0.02626944,-0.017283559,0.0065132896
-0.19639161,1.9112257,9.934542,-0.026802072,-0.0039677536,0.011306981
-0.17244141,1.8202149,9.85311,-0.020943116,-0.004500386,0.020361727
-0.26345217,1.9255958,9.987232,-0.0145515315,-0.0018372247,0.021959625
-0.16765137,1.8345851,10.059082,-0.01881259,0.0029564654,0.021959625
-0.100590825,1.8489552,10.044712,-0.006562048,0.0029564654,0.026753316
-0.1580713,1.7866846,10.073453,-0.0012357257,0.0018912009,0.034210164
-0.1820215,1.8633252,10.035132,0.0088842865,-0.004500386,0.032612268
-0.10538086,1.7771046,10.078242,0.009949551,-0.0119572375,0.032079633
-0.1101709,1.7387843,10.015972,0.019536931,-0.01515303,0.041134384
-0.086220704,1.7771046,10.015972,0.019536931,-0.021011984,0.041667014
-0.028740235,1.7244141,10.0063925,0.025395887,-0.017283559,0.039536487
0.019160157,1.8010547,9.8866415,0.02646115,-0.017816192,0.039536487
-0.023950197,1.7675245,9.877061,0.029656945,-0.020479351,0.04006912
0.009580079,1.6813037,9.915381,0.029124312,-0.011424605,0.041134384
0.038320314,1.7818946,9.901011,0.032320105,-0.007696179,0.034742795
0.047900394,1.6621436,10.044712,0.031787474,-0.015685663,0.031014374
0.15328126,1.7435743,10.001602,0.034450635,-0.018881455,0.04219965
0.028740235,1.5998731,9.881851,0.041907486,-0.028468836,0.034210164
0.09101075,1.6190332,9.958491,0.033918,-0.030066732,0.031014374
0.13891114,1.6094532,9.905801,0.03285274,-0.03912148,0.02781858
0.1341211,1.6765138,9.829161,0.03285274,-0.03379516,0.023024889
0.09101075,1.6860938,9.79084,0.034983266,-0.03645832,0.024090154
0.12454102,1.7004639,9.78605,0.037646428,-0.035925686,0.017698567
0.1820215,1.6525636,9.843531,0.03817906,-0.03486042,0.015035406
0.17244141,1.7387843,9.901011,0.037646428,-0.035393056,0.011306981
0.16765137,1.6813037,9.881851,0.03285274,-0.038056217,0.0182312
0.10538086,1.705254,9.800421,0.041374855,-0.040719375,0.012904877
0.038320314,1.7292042,9.7812605,0.036581162,-0.031131998,0.0059806574
0.13891114,1.7818946,9.814791,0.032320105,-0.032729894,0.008643819
0.1580713,1.8058448,9.733359,0.030722208,-0.025273042,0.0033174965
0.09101075,1.8824854,9.800421,0.02646115,-0.025805674,0.0027848643
0.11496094,1.8920655,9.6615095,0.033918,-0.02740357,0.0059806574
0.09101075,1.9255958,9.79084,0.04084222,-0.026338307,0.005448025
0.05748047,1.8681153,9.73815,0.03125484,-0.01515303,0.007578554
0.014370117,1.8489552,9.68067,0.04030959,-0.022609882,0.010774348
0.06706055,1.8345851,9.72857,0.041907486,-0.016750926,0.011306981
0.028740235,1.8920655,9.766891,0.03817906,-0.008761443,0.0059806574
0.07185059,1.9160157,9.78605,0.046701174,-0.012489868,0.010774348
0.033530276,1.9447559,9.896221,0.044038016,-0.01515303,-4.109291E-4
-0.019160157,1.8345851,9.910591,0.04989697,-0.007696179,0.0043827607
0.0,1.8776954,9.814791,0.049364336,-2.3932802E-4,0.0059806574
0.014370117,1.8633252,9.901011,0.05469066,0.0013585687,0.008643819
0.05748047,1.7866846,9.944121,0.05469066,0.008282788,0.013970141
0.033530276,1.7675245,9.81,0.06214751,0.0013585687,0.015035406
-0.033530276,1.7818946,9.924961,0.0653433,0.007750155,0.01343751
0.009580079,1.7531544,9.948912,0.069071725,-0.0055656503,0.01876383
0.05748047,1.705254,10.039923,0.0786591,-0.013555134,0.019829096
-0.023950197,1.719624,9.968072,0.07759384,-0.012489868,0.024090154
-0.019160157,1.585503,9.968072,0.08132227,-0.017283559,0.017165935
0.05269043,1.719624,10.001602,0.082920164,-0.023675146,0.01876383
0.12454102,1.7148341,9.987232,0.07972437,-0.017816192,0.016633302
0.028740235,1.7627344,9.958491,0.083985426,-0.025805674,0.01610067
0.07185059,1.6573536,9.910591,0.08718122,-0.02740357,0.0097090835
0.038320314,1.695674,9.877061,0.09037702,-0.028468836,0.015035406
0.0,1.710044,9.920172,0.08771385,-0.027936203,0.010774348
0.038320314,1.719624,9.829161,0.08771385,-0.037523583,0.015035406
0.09580079,1.7579445,9.72378,0.08718122,-0.03166463,-0.0030740902
0.033530276,1.8106349,9.814791,0.08558332,-0.040719375,0.0065132896
0.06227051,1.695674,9.666299,0.080257,-0.03699095,0.0033174965
0.1101709,1.7771046,9.64714,0.079187624,-0.033797946,-0.0030703363
0.033530276,1.8106349,9.560919,0.0754592,-0.03273268,-0.0057334974
0.10538086,1.8441651,9.64714,0.074393936,-0.033797946,-0.004668233
0.14849122,1.8633252,9.608819,0.07652447,-0.036461107,-0.002537704
0.14849122,1.9160157,9.632769,0.073328674,-0.034330577,-0.007331394
0.119750984,1.8872755,9.627979,0.065339185,-0.035928473,-0.0057334974
0.119750984,1.8920655,9.551338,0.061610762,-0.034863207,-0.0062661297
0.1341211,1.9591261,9.627979,0.05681707,-0.03273268,-0.009994555
0.17244141,1.9447559,9.551338,0.05415391,-0.031134784,-0.010527188
0.2203418,1.9399658,9.541759,0.052556016,-0.018884242,-0.010527188
0.22992188,1.9112257,9.551338,0.04936022,-0.025808461,-0.011059821
0.21076173,1.9974464,9.503438,0.04456653,-0.01835161,-0.01798404
0.1580713,1.9782863,9.445957,0.042436,-0.019416874,-0.023310361
0.15328126,1.9160157,9.4507475,0.035511784,-7.7474536E-4,-0.014255613
0.17723145,1.9447559,9.465117,0.03018546,-0.0061010676,-0.024375625
0.20597169,1.9112257,9.527389,0.028054928,-0.008764229,-0.020114567
0.10538086,1.9447559,9.594449,0.021663344,-0.0055684354,-0.030767214
0.081430666,1.9734962,9.541759,0.019000182,-2.4211316E-4,-0.033963006
0.06706055,1.9351759,9.618399,0.020065445,-0.002372642,-0.04035459
0.043110352,1.8729054,9.64714,0.020598078,0.0056168414,-0.0371588
0.07185059,1.9016455,9.75731,0.01633702,8.231513E-4,-0.043017752
0.038320314,1.9399658,9.79563,0.02113071,0.0034863125,-0.03928933
0.05748047,1.8776954,9.7142,0.013141227,0.002421048,-0.045680914
0.043110352,1.829795,9.891431,0.015271755,0.002421048,-0.048344076
0.09101075,1.8441651,9.800421,0.01633702,-7.7474536E-4,-0.043550387
0.014370117,1.8345851,9.85311,0.01633702,-0.0039705387,-0.048876707
0.009580079,1.8441651,9.8866415,0.01633702,-0.005035803,-0.044083018
0.05748047,1.9112257,9.920172,0.02113071,-7.7474536E-4,-0.041419856
-0.05269043,1.9208057,9.934542,0.025924401,-2.4211316E-4,-0.045148283
0.0,1.9160157,9.958491,0.032848623,-0.008231596,-0.040887225
-0.09580079,1.9160157,9.877061,0.035511784,-0.0034379065,-0.043017752
-0.047900394,1.9351759,9.977652,0.032315988,-0.0039705387,-0.038756695
-0.07664063,1.8585353,9.963282,0.040838104,-0.0029052743,-0.035560902
-0.1101709,1.8729054,9.881851,0.04190337,-0.0018400098,-0.03289774
-0.1580713,1.8920655,9.814791,0.04190337,-0.008764229,-0.03023458
-0.05269043,1.9208057,9.896221,0.04456653,-0.005035803,-0.01798404
-0.1341211,1.9016455,9.872271,0.050425485,-0.010362125,-0.022777729
-0.15328126,1.9160157,9.963282,0.05628444,-0.010894758,-0.011592452
-0.14849122,1.9639161,9.814791,0.05681707,-0.0092968615,-0.005200865
-0.1101709,2.0405567,9.857901,0.05415391,-0.0066337,-0.0030703363
-0.07185059,2.0022364,9.7812605,0.062143393,-0.007166332,-0.0036029685
-0.09580079,2.0022364,9.718989,0.065339185,-0.0151558155,0.0011907215
-0.14370118,2.0501368,9.833951,0.066404454,-0.0092968615,0.0011907215
-0.119750984,1.9830762,9.642349,0.06480656,-0.008764229,0.007049676
-0.119750984,1.949546,9.72857,0.061610762,-0.0066337,0.009180205
-0.11496094,1.9926564,9.74294,0.06800235,-0.0061010676,0.008647572
-0.10538086,1.8968556,9.68067,0.060545497,-0.010894758,0.008647572
-0.05748047,1.9926564,9.671089,0.066404454,-0.018884242,0.010778101
-0.07185059,2.0453467,9.77647,0.060545497,-0.01568845,0.011843366
-0.06227051,2.0213966,9.685459,0.06107813,-0.014090551,0.01290863
-0.033530276,1.9782863,9.690249,0.065339185,-0.012492654,0.016104423
0.0,2.0261867,9.72378,0.060545497,-0.023677932,0.01290863
0.047900394,1.9639161,9.685459,0.06480656,-0.023677932,0.018767584
0.11496094,1.8729054,9.604029,0.053088646,-0.020482138,0.009712837
0.13891114,1.9112257,9.671089,0.049892854,-0.013557919,0.009712837
0.2203418,1.8729054,9.608819,0.050425485,-0.013025287,0.009180205
0.2203418,1.8968556,9.72857,0.048294954,-0.014623183,0.004386515
0.1820215,1.8681153,9.627979,0.048294954,-0.022080036,0.0017233538
0.27303225,1.8106349,9.718989,0.045631796,-0.01835161,-0.010527188
0.31135255,1.7723145,9.618399,0.038174942,-0.021547403,-0.014788246
0.32093263,1.8633252,9.604029,0.03977284,-0.014090551,-0.021179833
0.2682422,1.8968556,9.64714,0.038707577,-0.0076989643,-0.024375625
0.2682422,1.8154249,9.73815,0.03071809,-0.013025287,-0.034495637
0.23950197,1.9303858,9.699829,0.029120194,-0.016753713,-0.033963006
0.26345217,1.954336,9.623189,0.032315988,-0.01142739,-0.04195249
0.24908204,1.9255958,9.584868,0.032848623,-0.010362125,-0.04674618
0.22992188,1.9399658,9.637559,0.029120194,-0.008764229,-0.04940934
0.22992188,1.9878663,9.632769,0.026457032,-0.01142739,-0.052072503
0.1341211,2.0070264,9.69504,0.022728607,-0.0076989643,-0.058464088
0.1580713,2.0166066,9.690249,0.021663344,-2.4211316E-4,-0.05686619
0.11496094,2.069297,9.718989,0.02113071,-0.005035803,-0.06059462
0.07185059,2.078877,9.79084,0.02113071,-0.0029052743,-0.050474606
0.033530276,2.078877,9.77168,0.019000182,-0.0092968615,-0.05633356
0.043110352,2.083667,9.80521,0.024859136,-0.0061010676,-0.050474606
-0.023950197,2.064507,9.81,0.021663344,-0.01568845,-0.04674618
-0.1101709,2.059717,9.718989,0.01846755,-0.009829493,-0.044615652
-0.1101709,2.074087,9.73815,0.015804388,-0.014090551,-0.045148283
-0.038320314,2.0309765,9.74773,0.020598078,-0.0076989643,-0.041419856
-0.07185059,1.9591261,9.70941,0.020598078,-0.014090551,-0.03928933
-0.009580079,2.059717,9.81,0.021663344,-0.010894758,-0.033430375
-0.043110352,2.059717,9.704619,0.017402286,-0.013025287,-0.036093537
-0.07185059,2.0405567,9.627979,0.024859136,-0.018884242,-0.028636683
-0.047900394,1.9926564,9.75731,0.020598078,-0.018884242,-0.023310361
-0.07664063,2.0213966,9.6758795,0.02326124,-0.0061010676,-0.025973523
-0.047900394,2.0261867,9.81,0.019532813,-0.002372642,-0.024375625
0.0,1.9303858,9.623189,0.015804388,-0.008231596,-0.022777729
-0.06227051,2.0261867,9.74294,0.019000182,-0.008231596,-0.022777729
-0.033530276,1.9974464,9.733359,0.024859136,-0.0076989643,-0.0206472
-0.019160157,2.0213966,9.77168,0.019000182,-0.0034379065,-0.0206472
-0.028740235,2.0261867,9.81958,0.028054928,-0.0018400098,-0.022777729
-0.043110352,2.0405567,9.690249,0.025391769,-0.0061010676,-0.01851667
0.009580079,2.0309765,9.74294,0.028587561,-2.4211316E-4,-0.021179833
-0.043110352,2.1076174,9.70941,0.026457032,-0.0013073776,-0.014255613
0.038320314,2.0118165,9.814791,0.02326124,2.9051906E-4,-0.019581936
0.0047900393,2.1171973,9.80521,0.022195974,2.9051906E-4,-0.0153208785
-0.047900394,2.0549269,9.766891,0.028587561,-0.0018400098,-0.01585351
-0.033530276,2.0549269,9.81,0.028054928,-0.0013073776,-0.01585351
-0.05748047,1.9447559,9.718989,0.024326503,-0.0018400098,-0.011592452
-0.038320314,2.0357666,9.81,0.026457032,0.0018884158,-0.007331394
-0.06227051,2.0980372,9.70941,0.029120194,-0.0013073776,-0.0062661297
-0.05748047,2.069297,9.72857,0.032315988,-0.0034379065,-0.007331394
-0.014370117,2.059717,9.70941,0.03071809,0.002421048,-0.014255613
-0.033530276,2.0501368,9.73815,0.025391769,0.002421048,-0.0062661297
-0.023950197,2.0309765,9.642349,0.032848623,0.004551577,-0.005200865
0.028740235,2.0309765,9.604029,0.027522298,-0.0039705387,-0.007331394
0.047900394,2.059717,9.6758795,0.024859136,0.0061494736,-0.0030703363
0.014370117,2.0118165,9.608819,0.022195974,0.0034863125,-0.0014724396
0.06227051,2.0549269,9.541759,0.019000182,-0.0029052743,-0.008396659
0.1101709,2.0980372,9.527389,0.02326124,0.0056168414,-0.01319035
0.05748047,2.069297,9.517808,0.009945434,0.015204222,-0.017451407
0.1580713,2.0549269,9.503438,0.010478066,0.015736852,-0.014255613
0.14849122,2.0213966,9.551338,0.0030212149,0.014138957,-0.016918775
0.17723145,2.0261867,9.551338,0.0040864795,0.018932646,-0.021712465
0.13891114,2.0166066,9.565708,0.010478066,0.015736852,-0.020114567
0.12454102,2.0022364,9.484278,-0.0017724752,0.014138957,-0.02757142
0.1341211,1.9687061,9.513018,-0.001239843,0.01733475,-0.02757142
0.05748047,2.0022364,9.532178,-0.009761959,0.016802117,-0.024375625
0.05748047,1.9734962,9.637559,-0.010827223,0.01999791,-0.02544089
0.09580079,2.0309765,9.666299,-0.009761959,0.01999791,-0.03023458
0.07185059,1.9878663,9.656719,-0.0113598555,0.01999791,-0.024375625
0.047900394,2.0070264,9.671089,-0.012957752,0.016802117,-0.028636683
0.047900394,2.0549269,9.699829,-0.015620913,0.01733475,-0.031299844
0.009580079,1.9639161,9.74773,-0.01721881,0.014671589,-0.022777729
0.023950197,1.9591261,9.75731,-0.018816708,0.014138957,-0.027038787
-0.038320314,2.0070264,9.73815,-0.0220125,0.01733475,-0.024375625
-0.06706055,1.9687061,9.72857,-0.020414604,0.01254106,-0.023310361
-0.043110352,2.0357666,9.79563,-0.018816708,0.013606325,-0.023842994
-0.023950197,2.0357666,9.632769,-0.008696694,0.013073693,-0.03236511
-0.05748047,2.0166066,9.72857,-0.016686177,0.012008428,-0.024375625
-0.081430666,1.949546,9.7621,-0.015620913,0.012008428,-0.021712465
-0.05748047,2.0261867,9.79084,-0.015620913,0.016802117,-0.016918775
-0.100590825,1.9734962,9.75252,-0.009761959,0.015736852,-0.011592452
-0.06706055,2.0261867,9.74294,-0.016686177,0.012008428,-0.01319035
-0.07185059,2.0405567,9.70941,-0.012957752,0.016802117,-0.010527188
-0.05748047,1.9974464,9.74294,-0.016153546,0.016269485,-0.01851667
-0.043110352,2.0213966,9.78605,-0.0070987972,0.021063175,-0.007864026
-0.06706055,2.0213966,9.7621,-0.011892488,0.01733475,-0.008929292
-0.07664063,2.0261867,9.77647,-0.009229327,0.018932646,-0.0036029685
-0.06227051,2.0213966,9.74773,-0.015088281,0.014138957,-0.007331394
-0.081430666,1.9447559,9.74773,-0.0049682683,0.013073693,-0.0030703363
-0.014370117,1.9687061,9.75252,-0.006033533,0.016802117,-0.0014724396
-0.047900394,1.9591261,9.77168,-0.008696694,0.01254106,-0.002537704
-0.014370117,2.0405567,9.70941,-0.004435636,0.015736852,-0.002537704
-0.05269043,1.949546,9.699829,-0.0113598555,0.017867383,-0.0030703363
0.038320314,1.9687061,9.733359,-0.006033533,0.018400013,-0.0036029685
0.0047900393,1.8441651,9.651929,-0.009761959,0.01733475,-0.0062661297
0.028740235,1.9878663,9.72378,-0.014555649,0.015736852,-0.010527188
-0.033530276,1.9734962,9.70941,-0.006033533,0.01733475,-0.0036029685
0.06706055,2.0070264,9.70941,-0.006033533,0.016802117,-0.0030703363
0.033530276,1.949546,9.70941,-0.010827223,0.015204222,-0.0020050718
0.014370117,1.9926564,9.80521,-0.008696694,0.016269485,-0.007331394
0.033530276,1.9447559,9.766891,-0.008164062,0.015736852,-0.0030703363
-0.05269043,1.9734962,9.70941,-0.0023051074,0.0061494736,-0.004668233
-0.033530276,1.9399658,9.73815,-0.006033533,0.0056168414,-0.0020050718
-0.033530276,1.954336,9.75731,-0.003903004,0.013606325,-0.010527188
0.0047900393,1.9303858,9.74773,-0.001239843,0.012008428,-0.0030703363
0.07664063,1.9591261,9.70941,-0.0076314295,0.013073693,-0.0057334974
0.06227051,1.8729054,9.70941,-0.008164062,0.014138957,-0.006798762
0.028740235,1.9303858,9.64714,-0.0076314295,0.011475796,-0.009994555
0.07185059,1.9830762,9.64714,-7.072107E-4,0.01733475,-0.014255613
0.11496094,1.9878663,9.608819,-0.0049682683,0.012008428,-0.008929292
0.05748047,1.9734962,9.637559,-0.004435636,0.021595808,-0.014788246
0.047900394,1.9687061,9.78605,-0.0023051074,0.021595808,-0.016918775
0.05269043,2.0166066,9.7142,-0.0076314295,0.01999791,-0.017451407
0.047900394,1.9399658,9.81958,0.0019559504,0.016802117,-0.017451407
-0.0047900393,1.9303858,9.75252,-0.001239843,0.0056168414,-0.017451407
0.07664063,1.9064356,9.666299,-0.0023051074,0.0082800025,-0.012657717
0.081430666,1.8585353,9.7621,-0.009761959,0.0061494736,-0.01851667
0.028740235,1.954336,9.7142,-0.003903004,0.0018884158,-0.0153208785
0.019160157,1.9160157,9.637559,-0.006033533,0.0018884158,-0.01585351
0.023950197,1.8968556,9.6758795,-0.0028377397,0.002421048,-0.0062661297
0.05748047,1.8968556,9.642349,-0.014023017,0.014138957,-0.0094619235
-0.014370117,1.9447559,9.637559,-0.010294591,0.013073693,-0.012657717
-0.023950197,1.9160157,9.627979,-0.020414604,0.025856866,-0.014788246
0.023950197,1.8968556,9.541759,-0.015620913,0.01733475,-0.012657717
0.05269043,1.9303858,9.651929,-0.020947235,0.018400013,-0.014255613
0.0,1.9303858,9.64714,-0.016153546,0.018932646,-0.016918775
-0.028740235,1.9591261,9.671089,-0.023610396,0.016269485,-0.016918775
-0.028740235,2.0070264,9.560919,-0.022545133,0.02212844,-0.013722981
-0.1341211,1.9974464,9.613608,-0.020947235,0.016269485,-0.019049304
-0.09580079,1.9926564,9.560919,-0.025740925,0.017867383,-0.008396659
-0.081430666,2.0166066,9.608819,-0.027338823,0.016802117,-0.01319035
-0.081430666,2.0501368,9.6615095,-0.019349338,0.019465279,-0.012657717
-0.05269043,1.9878663,9.5561285,-0.019881971,0.027987394,-0.012125084
-0.09580079,2.0549269,9.536968,-0.024143029,0.032781083,-0.007864026
-0.07185059,1.9639161,9.489068,-0.0220125,0.037574776,-9.398074E-4
-0.086220704,2.0357666,9.608819,-0.0220125,0.03917267,-0.0041356008
-0.09580079,2.0261867,9.560919,-0.022545133,0.0413032,-9.398074E-4
-0.06706055,2.0070264,9.608819,-0.020414604,0.037574776,-0.002537704
0.009580079,1.9878663,9.589659,-0.020947235,0.039705303,-0.0020050718
-0.0047900393,2.088457,9.637559,-0.027871454,0.045564257,-9.398074E-4
-0.019160157,2.059717,9.704619,-0.02680619,0.042368464,0.0033212504
0.014370117,2.0549269,9.685459,-0.030001983,0.04609689,6.580893E-4
-0.033530276,2.0213966,9.72857,-0.030001983,0.047694787,0.0011907215
-0.06227051,2.0213966,9.7142,-0.02893672,0.05302111,0.00811494
0.038320314,2.0070264,9.72857,-0.03159988,0.05089058,-0.0014724396
0.047900394,1.8489552,9.651929,-0.03159988,0.05142321,-0.0020050718
0.07664063,1.8776954,9.68067,-0.02946935,0.051955845,0.0011907215
0.019160157,1.8010547,9.594449,-0.02946935,0.04343373,6.580893E-4
0.06706055,1.7435743,9.666299,-0.030001983,0.042368464,1.2545704E-4
0.081430666,1.7579445,9.642349,-0.036393568,0.05035795,-0.014255613
0.086220704,1.6860938,9.72857,-0.03266514,0.04396636,-0.0206472
0.12933107,1.6142433,9.74294,-0.034265433,0.035975263,-0.019047124
0.09101075,1.7004639,9.7142,-0.040124387,0.034377363,-0.029167136
0.09101075,1.7004639,9.7142,-0.033732798,0.03118157,-0.035026092
0.086220704,1.719624,9.64714,-0.036928594,0.03384473,-0.038221885
0.1101709,1.7675245,9.584868,-0.04332018,0.036507893,-0.03981978
0.1341211,1.8441651,9.560919,-0.044918075,0.035975263,-0.049939793
0.05269043,1.8345851,9.551338,-0.04598334,0.035975263,-0.046744
0.0,1.8920655,9.546548,-0.058766514,0.04076895,-0.052070323
0.047900394,1.954336,9.560919,-0.055038087,0.034377363,-0.05633138
-0.05269043,1.9351759,9.560919,-0.058766514,0.039703686,-0.049939793
-0.119750984,1.9447559,9.5561285,-0.056635983,0.03384473,-0.043015573
-0.038320314,1.9926564,9.498648,-0.05557072,0.034909997,-0.03928715
-0.023950197,1.9160157,9.575289,-0.05983178,0.04076895,-0.03981978
-0.05269043,1.949546,9.546548,-0.0651581,0.032779466,-0.03662399
-0.09101075,1.8920655,9.608819,-0.063027576,0.04289948,-0.035558723
-0.009580079,1.9734962,9.560919,-0.064625464,0.041301582,-0.028634503
-0.06227051,1.9303858,9.618399,-0.06835389,0.041301582,-0.024373446
-0.07664063,1.9064356,9.599238,-0.06569073,0.043964744,-0.016916595
-0.05748047,1.9064356,9.656719,-0.06249494,0.03863842,-0.021710286
-0.038320314,1.8920655,9.666299,-0.06728863,0.04449738,-0.020112388
-0.09101075,1.954336,9.589659,-0.063027576,0.047160536,-0.013720801
-0.047900394,1.9064356,9.580078,-0.061429676,0.050356332,-0.009992375
-0.07664063,1.8441651,9.642349,-0.066755995,0.053552125,-0.013720801
-0.028740235,1.8106349,9.637559,-0.0651581,0.058345813,-0.016916595
-0.014370117,1.8154249,9.75731,-0.054505456,0.05568265,-0.015318698
-0.038320314,1.8202149,9.73815,-0.058766514,0.06420477,-0.011590272
-0.028740235,1.8537452,9.70941,-0.056103352,0.05994371,-0.016383963
-0.047900394,1.8968556,9.74294,-0.059299145,0.06527004,-0.016916595
-0.014370117,1.8824854,9.81,-0.05823388,0.067933194,-0.023840815
-0.014370117,1.9112257,9.68067,-0.057168618,0.07272688,-0.016916595
0.0,1.9064356,9.74773,-0.047581237,0.07166162,-0.022242919
-0.033530276,1.9447559,9.704619,-0.053972825,0.07752057,-0.028634503
-0.06227051,1.8633252,9.766891,-0.049711764,0.0796511,-0.025971344
-0.13891114,1.8106349,9.718989,-0.047581237,0.08337953,-0.024906078
-0.09580079,1.8537452,9.73815,-0.044918075,0.10042376,-0.025971344
-0.12454102,1.8489552,9.72378,-0.03905912,0.09296691,-0.021177653
-0.19639161,1.8489552,9.833951,-0.04118965,0.08764058,-0.02277555
-0.16765137,1.9112257,9.872271,-0.03852649,0.089771114,-0.019047124
-0.25866213,1.9399658,9.920172,-0.03639596,0.10308692,-0.013720801
-0.2203418,1.8537452,9.948912,-0.0321349,0.09509744,-0.004666053
-0.27303225,1.9687061,9.972861,-0.025743315,0.094032176,0.0017255334
-0.36883304,1.9016455,9.8866415,-0.021482257,0.0961627,-0.0036007888
-0.33530274,1.8729054,9.996812,-0.018819097,0.0961627,0.005453959
-0.2682422,1.7866846,9.992022,-0.012960142,0.089771114,0.010780281
-0.28261232,1.8872755,9.920172,-0.007101188,0.09296691,0.0177045
-0.3065625,1.8585353,9.905801,-0.007101188,0.09243428,0.02516135
-0.34009278,1.839375,9.968072,-0.0055032913,0.091901645,0.02995504
-0.27303225,1.8489552,9.901011,-1.769691E-4,0.09296691,0.031020306
-0.28261232,1.8441651,9.939331,0.004616721,0.08604269,0.040075053
-0.29698244,1.8872755,9.929751,0.00674725,0.09083638,0.043270845
-0.30177248,1.8872755,9.987232,0.0126062045,0.076987945,0.0507277
-0.3305127,1.9303858,10.0063925,0.017399896,0.0796511,0.04859717
-0.29698244,1.9208057,10.035132,0.02379148,0.07911847,0.05179296
-0.3065625,1.954336,9.958491,0.022193585,0.07112899,0.052858226
-0.34488282,1.9591261,10.001602,0.029117804,0.06740056,0.059782445
-0.2921924,1.9782863,10.015972,0.0307157,0.06846583,0.057651915
-0.29698244,1.9782863,9.968072,0.040835712,0.056215286,0.06830456
-0.28740236,1.954336,9.929751,0.046694666,0.06207424,0.06830456
-0.25387207,1.9112257,9.972861,0.041900977,0.05515002,0.0640435
-0.19639161,1.9926564,9.953702,0.050955724,0.05515002,0.06936982
-0.19639161,1.9782863,9.901011,0.049357828,0.053019494,0.074696146
-0.13891114,2.0261867,9.910591,0.052553624,0.050356332,0.06830456
-0.14370118,1.9687061,9.948912,0.058412578,0.047160536,0.073630884
-0.16286133,1.9926564,9.891431,0.05894521,0.053552125,0.068837196
-0.12454102,1.954336,9.872271,0.05521678,0.054084755,0.068837196
-0.12933107,1.9112257,9.877061,0.056282047,0.060476344,0.0656414
-0.1820215,1.9303858,9.901011,0.058412578,0.054084755,0.07203299
-0.07664063,1.9303858,9.915381,0.062673636,0.05568265,0.074696146
-0.019160157,1.9399658,9.929751,0.06480417,0.058878448,0.07256562
-0.06227051,1.9447559,9.905801,0.062141,0.053552125,0.06936982
-0.038320314,1.8681153,9.939331,0.06160837,0.049823698,0.07416352
-0.07664063,1.9399658,9.972861,0.06160837,0.04769317,0.0656414
0.023950197,1.8872755,9.867481,0.06320626,0.054084755,0.06510877
0.0047900393,1.949546,9.83874,0.06427153,0.049291067,0.06084771
-0.047900394,1.9830762,9.843531,0.06427153,0.046095274,0.05871718
0.06227051,1.9639161,9.867481,0.058412578,0.046627905,0.052325595
-0.028740235,1.9734962,9.867481,0.06586943,0.050888963,0.05818455
-0.023950197,1.9782863,9.915381,0.067467324,0.046095274,0.05339086
-0.06706055,1.9447559,9.987232,0.05148836,0.04449738,0.055521388
0.033530276,1.9591261,9.939331,0.05468415,0.035442628,0.05605402
0.009580079,1.9591261,9.814791,0.048825197,0.03064894,0.0507277
0.05269043,1.9734962,9.829161,0.049890462,0.029051041,0.045934007
0.119750984,1.949546,9.74773,0.04456414,0.025322616,0.042205583
0.05748047,2.0357666,9.70941,0.03763992,0.0317142,0.028357144
0.043110352,2.088457,9.704619,0.028585171,0.03064894,0.029422408
0.028740235,2.1076174,9.72857,0.038705185,0.028518409,0.032618202
0.15328126,2.0453467,9.584868,0.035509393,0.035442628,0.023030821
0.21555176,1.9878663,9.733359,0.026454642,0.043432113,0.0145087065
0.14370118,2.0501368,9.594449,0.029117804,0.03757316,0.0038560624
0.16765137,2.0357666,9.68067,0.013138836,0.04289948,-0.002002892
0.11496094,2.088457,9.575289,0.00941041,0.050356332,-0.0073292144
0.16765137,2.1459377,9.68067,0.0024861922,0.058878448,-0.009459743
0.119750984,2.1363575,9.627979,-0.0012422336,0.06260687,-0.023840815
0.15328126,2.1171973,9.642349,-0.008699085,0.06580266,-0.026503976
0.06706055,2.1411476,9.637559,-0.00976435,0.07752057,-0.033428196
0.0047900393,2.074087,9.623189,-0.017753832,0.08604269,-0.03662399
-0.047900394,2.1171973,9.704619,-0.011894879,0.08657532,-0.034493458
-0.047900394,1.9974464,9.77647,-0.025210682,0.08870585,-0.031830296
-0.05269043,1.9926564,9.75252,-0.025743315,0.08231427,-0.03236293
-0.14370118,2.0357666,9.872271,-0.026275948,0.083912164,-0.03236293
-0.09101075,2.0309765,9.929751,-0.025743315,0.08231427,-0.035026092
-0.14370118,1.9734962,9.996812,-0.020949624,0.07166162,-0.035558723
-0.18681154,2.0309765,10.011182,-0.020949624,0.076987945,-0.03236293
-0.20118165,1.9926564,9.996812,-0.021482257,0.075922675,-0.035026092
-0.30177248,2.0405567,9.920172,-0.0172212,0.07166162,-0.031297665
-0.2682422,2.0118165,10.073453,-0.020949624,0.07379215,-0.02756924
-0.34009278,1.9399658,10.030342,-0.010296982,0.072194256,-0.024373446
-0.41194338,1.9926564,10.068663,-0.004438027,0.072194256,-0.021177653
-0.50774413,2.0309765,10.001602,0.00195356,0.06580266,-0.013188169
-0.48379397,1.9830762,10.011182,0.0035514566,0.0647374,-0.004666053
-0.53169435,1.9974464,10.121353,0.014204101,0.06260687,-4.0499552E-4
-0.5125342,1.9974464,10.059082,0.014204101,0.048758432,0.009715017
-0.45505372,2.0261867,10.078242,0.028052539,0.05515002,0.009182385
-0.4406836,2.0261867,10.020762,0.03284623,0.03810579,0.016106602
-0.45026368,1.9687061,9.934542,0.039770447,0.03810579,0.02036766
-0.43589357,1.9687061,9.968072,0.045629404,0.034377363,0.019835029
-0.3784131,2.0070264,9.83874,0.055749416,0.027453145,0.023030821
-0.38320315,1.9782863,9.79563,0.053086255,0.03064894,0.023563454
-0.26345217,1.949546,9.73815,0.055749416,0.027453145,0.025693983
-0.26345217,1.954336,9.81958,0.060010474,0.022126824,0.029422408
-0.32093263,1.9255958,9.72378,0.056282047,0.026920512,0.028889775
-0.30177248,1.9926564,9.75252,0.058412578,0.020528926,0.024096087
-0.17723145,1.9782863,9.68067,0.062673636,0.02372472,0.02249819
-0.22513184,2.0166066,9.671089,0.06533679,0.025322616,0.023030821
-0.21555176,2.0022364,9.604029,0.057347313,0.025322616,0.023563454
-0.1820215,2.0118165,9.460327,0.06427153,0.03064894,0.018769763
-0.16765137,2.083667,9.594449,0.060010474,0.027985778,0.013976075
-0.18681154,2.0357666,9.4507475,0.053086255,0.025855249,0.018769763
-0.18681154,1.9974464,9.402847,0.05947784,0.029051041,0.016639234
-0.12933107,2.0357666,9.426797,0.050423093,0.028518409,0.009715017
0.009580079,1.9926564,9.302257,0.04509677,0.039171055,0.016106602
-0.033530276,2.0118165,9.3453665,0.039770447,0.040236317,0.004921327
0.033530276,1.9734962,9.335787,0.03284623,0.046095274,0.0065192236
0.0,1.9639161,9.422008,0.034976758,0.043964744,0.0011929012
-0.023950197,1.8681153,9.335787,0.025922012,0.049823698,-0.004666053
-0.06227051,1.9208057,9.513018,0.020063056,0.042366847,-0.0089271115
-0.014370117,1.9112257,9.532178,0.02379148,0.05994371,-0.019047124
-0.086220704,1.9112257,9.6615095,0.013138836,0.05195423,-0.014786066
-0.13891114,1.8345851,9.594449,0.0024861922,0.0482258,-0.014253433
-0.1820215,1.9160157,9.565708,0.004616721,0.046627905,-0.01585133
-0.12454102,1.9639161,9.613608,0.008877778,0.050356332,-0.009992375
-0.20597169,1.7339942,9.699829,-0.0012422336,0.04556264,-0.01105764
-0.3544629,1.9591261,9.6758795,0.0014209276,0.0482258,-0.012122904
-0.3879932,1.7339942,9.584868,-0.0065685557,0.042366847,0.0059865913
-0.31135255,1.9351759,9.70941,-0.008699085,0.042366847,0.0022581657
-0.3784131,2.0932472,9.718989,-0.014025408,0.039171055,0.009182385
-0.46942386,1.839375,9.690249,-0.00976435,0.0333121,0.013443443
-0.45026368,2.083667,9.78605,-0.011362246,0.034909997,0.023030821
-0.45984375,1.5615528,9.70941,-0.01455804,0.022659454,0.021965558
-0.48379397,1.9208057,9.73815,-0.011362246,0.016267868,0.032618202
-0.45984375,1.9112257,9.733359,-0.018819097,0.013604708,0.035281364
-0.4742139,1.839375,9.77168,-0.02201489,0.009876282,0.040075053
-0.45505372,2.189048,9.8866415,-0.012960142,0.0013541663,0.05179296
-0.39278322,1.6717237,9.75252,-0.018819097,-0.0023742593,0.04859717
-0.43110353,1.9830762,9.6758795,-0.02201489,-0.012494271,0.0491298
-0.28740236,1.9974464,9.70941,-0.030004373,-0.013026903,0.0491298
-0.30177248,1.8202149,9.7142,-0.020416994,-0.006635317,0.0491298
-0.25387207,2.1363575,9.78605,-0.019884361,-0.013026903,0.04433611
-0.2203418,1.6094532,9.70941,-0.025743315,-0.008233213,0.0491298
-0.20118165,1.9016455,9.690249,-0.030537006,-0.018353228,0.035281364
-0.119750984,2.078877,9.666299,-0.030004373,-0.009298478,0.040607683
-0.13891114,1.7387843,9.7142,-0.033732798,-0.0055700527,0.033150833
-0.081430666,2.0213966,9.814791,-0.036928594,-0.004504788,0.024096087
-0.07664063,1.719624,9.637559,-0.03852649,0.0013541663,0.021432925
-0.06227051,1.7866846,9.685459,-0.033732798,-2.4373035E-4,0.017171867
-0.038320314,2.0405567,9.73815,-0.04118965,0.0045499597,0.016106602
-0.014370117,1.6573536,9.604029,-0.044918075,0.0034846952,0.00811712
-0.014370117,1.9255958,9.6615095,-0.04598334,0.0061478564,0.005453959
-0.043110352,2.0357666,9.718989,-0.044385444,0.008278386,0.0059865913
-0.033530276,1.6669337,9.72378,-0.048113868,0.01413734,6.6026894E-4
-0.12454102,1.9878663,9.77168,-0.047048606,0.00934365,-0.0057313177
-0.047900394,1.8872755,9.74294,-0.048113868,0.015735235,-0.012122904
-0.081430666,1.7579445,9.800421,-0.05290756,0.012006811,-0.009992375
-0.1580713,2.0261867,9.843531,-0.047048606,0.009876282,-0.014253433
-0.047900394,1.6573536,9.77647,-0.047581237,0.017865766,-0.01585133
-0.1580713,1.7914747,9.867481,-0.0502444,0.015202605,-0.024906078
-0.06706055,2.069297,9.987232,-0.048113868,0.0146699725,-0.022242919
-0.15328126,1.5471827,9.7812605,-0.051309664,0.015735235,-0.025971344
-0.15328126,1.8250049,9.929751,-0.04651597,0.018398397,-0.02277555
-0.31135255,1.9974464,9.992022,-0.05077703,0.022126824,-0.023840815
-0.21076173,1.5711329,9.934542,-0.056103352,0.017333133,-0.023308182
-0.22992188,1.8537452,9.948912,-0.04651597,0.018398397,-0.025438711
-0.3544629,1.9830762,9.977652,-0.04385281,0.011474179,-0.019579757
-0.34009278,1.5663428,9.862691,-0.052374925,0.016267868,-0.019579757
-0.39757326,1.719624,9.972861,-0.044385444,0.012006811,-0.015318698
-0.36883304,1.8776954,10.044712,-0.034265433,0.013072076,-0.011590272
-0.44547364,1.5998731,9.977652,-0.03639596,0.007213121,-0.006796582
-0.5364844,1.6717237,10.039923,-0.025743315,0.013604708,1.2763673E-4
-0.51732427,1.8345851,10.054293,-0.017753832,0.0077457526,-0.00147026
-0.4742139,1.4849122,10.015972,-0.016688567,0.0045499597,0.007051856
-0.47900394,1.6621436,10.011182,-0.013492775,-0.0013089948,0.010247649
-0.51732427,1.8585353,10.054293,-0.0012422336,0.0024194308,0.018769763
-0.51732427,1.5519727,10.054293,0.00195356,-0.0050374204,0.023563454
-0.5125342,1.7962648,10.039923,0.004616721,-0.008233213,0.026759248
-0.5029541,1.719624,10.044712,0.007812514,2.8890188E-4,0.031020306
-0.48379397,1.719624,10.078242,0.014204101,-0.0071679493,0.035281364
-0.45026368,1.8824854,9.968072,0.026454642,-0.012494271,0.04167295
-0.43110353,1.7483643,9.968072,0.026454642,-0.014092168,0.0491298
-0.43110353,1.7723145,9.8866415,0.031780966,-0.01675533,0.04859717
-0.34967285,1.8920655,9.968072,0.039237816,-0.011961639,0.0507277
-0.36883304,1.8489552,9.924961,0.039237816,-0.017287962,0.05339086
-0.32093263,1.9064356,9.910591,0.046694666,-0.013559536,0.060315076
-0.31135255,1.9591261,9.857901,0.056814678,-0.0146248,0.061912976
-0.29698244,1.9782863,9.972861,0.062141,-0.014092168,0.06990246
-0.37362307,1.9399658,10.035132,0.062141,-0.019418491,0.06297824
-0.3305127,1.9687061,9.901011,0.06586943,-0.013559536,0.064576134
-0.2682422,1.9064356,9.872271,0.06586943,-0.022081653,0.060315076
-0.24908204,1.8824854,9.862691,0.06799996,-0.027407974,0.06138034
-0.21076173,1.8681153,9.915381,0.075456806,-0.024212182,0.057119284
-0.20597169,1.8729054,9.82437,0.07598944,-0.024212182,0.06351087
-0.244292,1.7962648,9.79563,0.0770547,-0.027407974,0.059782445
-0.09580079,1.8920655,9.666299,0.07598944,-0.02847324,0.06084771
-0.1101709,1.9447559,9.704619,0.075456806,-0.019951124,0.054456122
-0.100590825,1.7531544,9.594449,0.07385891,-0.02634271,0.04859717
-0.17723145,1.8681153,9.599238,0.07226101,-0.018885858,0.05179296
-0.100590825,1.839375,9.5561285,0.07332628,-0.0108963745,0.04859717
-0.1101709,1.7387843,9.570498,0.07598944,-0.006102685,0.045934007
-0.18681154,1.8154249,9.460327,0.07811997,0.0024194308,0.054988757
-0.21555176,1.7292042,9.484278,0.080250494,2.8890188E-4,0.048064537
-0.16765137,1.7292042,9.469908,0.08078313,0.0018867985,0.050195064
-0.23950197,1.6908839,9.503438,0.084511556,0.012006811,0.0507277
-0.22992188,1.8681153,9.460327,0.0818484,-0.0018416271,0.05392349
-0.244292,1.8872755,9.541759,0.08078313,-0.008765846,0.054456122
-0.37362307,1.8920655,9.637559,0.08131576,-0.006102685,0.060315076
-0.31135255,2.0022364,9.637559,0.07598944,-0.0108963745,0.06351087
-0.38320315,1.9639161,9.465117,0.07385891,-0.023679549,0.06297824
-0.41194338,2.0980372,9.541759,0.07066312,-0.022081653,0.07309825
-0.40715334,1.9591261,9.527389,0.06320626,-0.02847324,0.06990246
-0.364043,2.0166066,9.546548,0.060010474,-0.033799563,0.07789194
-0.3784131,2.4668703,9.570498,0.055749416,-0.036995355,0.07789194
-0.34009278,2.299219,9.402847,0.043498874,-0.034864824,0.07789194
-0.3065625,1.9160157,9.335787,0.029650437,-0.036995355,0.07256562
-0.34488282,1.9926564,9.393267,0.029650437,-0.04232168,0.075761415
-0.29698244,2.2417383,9.431587,0.024856746,-0.04232168,0.068837196
-0.25866213,2.4716604,9.489068,0.019530423,-0.032734297,0.07895721
-0.20597169,2.1698878,9.436378,0.008877778,-0.03859325,0.07256562
-0.11496094,1.8010547,9.359736,0.0030188244,-0.03806062,0.0640435
-0.16286133,1.7579445,9.474698,-0.004438027,-0.033266928,0.059782445
-0.09101075,2.1603076,9.513018,-0.0039053946,-0.03806062,0.05871718
-0.038320314,2.42855,9.517808,-0.00763382,-0.03166903,0.052858226
-0.019160157,2.0453467,9.307046,-0.024145419,-0.02154902,0.045401376
0.14370118,1.6669337,9.297466,-0.0321349,-0.018885858,0.03954242
0.09580079,1.7004639,9.469908,-0.032667533,-0.011429007,0.033683468
0.20597169,2.064507,9.513018,-0.033200167,-0.0013089948,0.024096087
0.17244141,2.2608986,9.642349,-0.04598334,0.0040173274,0.017171867
0.28740236,1.7866846,9.498648,-0.05077703,0.0066804886,0.012378178
0.07664063,1.3747413,9.5561285,-0.053972825,0.0040173274,0.0065192236
0.081430666,2.078877,9.833951,-0.053972825,0.0024194308,0.0022581657
0.081430666,2.078877,9.833951,-0.04385281,0.0077457526,0.004921327
0.086220704,2.069297,9.79563,-0.055038087,0.0077457526,1.2763673E-4
0.014370117,1.5711329,9.72378,-0.05344019,0.002952063,-0.002002892
-0.014370117,1.5519727,9.843531,-0.0502444,-0.0034395237,-0.0051986855
-0.07664063,1.8585353,9.996812,-0.04651597,-2.4373035E-4,-0.0036007888
-0.09101075,2.1315675,9.987232,-0.04278755,0.00934365,-0.002002892
-0.038320314,1.7483643,9.8866415,-0.04598334,0.002952063,-0.0036007888
-0.1580713,1.5280225,9.80521,-0.047581237,0.0077457526,1.2763673E-4
-0.17723145,1.7579445,9.920172,-0.04332018,-2.4373035E-4,-0.0051986855
-0.20118165,2.1076174,9.987232,-0.032667533,-0.006102685,0.0038560624
-0.23950197,2.0022364,9.934542,-0.034798063,0.00934365,0.010247649
-0.28261232,1.8250049,9.992022,-0.03160227,0.0066804886,0.013443443
-0.28261232,1.8250049,9.992022,-0.027341213,0.0034846952,0.010780281
-0.34967285,2.1746778,10.092612,-0.007101188,0.010941547,0.015573972
-0.21076173,2.0980372,9.948912,-0.01455804,0.013604708,0.027291879
-0.26345217,1.7962648,9.963282,-0.0039053946,0.0034846952,0.031020306
-0.35925296,1.8633252,10.059082,0.00195356,8.215341E-4,0.032618202
-0.3544629,2.1746778,10.130933,0.018997792,-7.763626E-4,0.03954242
-0.35925296,2.2321582,10.030342,0.015801998,-0.0023742593,0.042205583
-0.2778223,1.7818946,9.910591,0.016867263,2.8890188E-4,0.041140318
-0.37362307,1.8729054,9.996812,0.020595688,-0.0034395237,0.05126033
-0.24908204,2.2273684,9.948912,0.03817255,-0.0050374204,0.054988757
-0.244292,2.1028273,9.958491,0.036574654,0.0013541663,0.06084771
-0.2203418,1.7818946,9.814791,0.03763992,-0.003972156,0.057119284
-0.1820215,2.1363575,9.982442,0.036042023,-0.0055700527,0.06138034
-0.1820215,2.1363575,9.982442,0.05148836,-0.0146248,0.060315076
-0.10538086,2.0357666,9.862691,0.048292562,-0.006635317,0.05818455
-0.07185059,1.7483643,9.83874,0.053618886,-0.013026903,0.057119284
-0.05748047,1.9255958,9.857901,0.04775993,-0.013026903,0.059249815
0.038320314,2.1603076,10.039923,0.06427153,-0.017820595,0.054456122
-0.0047900393,1.8058448,9.881851,0.052553624,-0.021016387,0.04646664
0.014370117,1.7531544,9.857901,0.058412578,-0.013026903,0.0491298
0.086220704,1.9399658,9.872271,0.052553624,-0.018353228,0.050195064
0.22513184,2.0309765,9.843531,0.057879943,-0.022081653,0.03954242
0.22513184,1.6429834,9.7812605,0.05521678,-0.0108963745,0.026759248
0.25866213,1.8010547,9.666299,0.049357828,-0.011961639,0.026226616
0.14849122,1.6381935,9.74294,0.05947784,-0.006635317,0.019302396
0.14849122,1.6381935,9.74294,0.049890462,-0.004504788,0.00811712
0.17244141,1.7483643,9.78605,0.05415152,-0.008765846,0.00811712
0.10538086,2.0070264,9.901011,0.049890462,-0.0029068915,0.0038560624
0.1101709,1.8250049,9.704619,0.060010474,-0.008233213,0.0043886947
-0.0047900393,1.710044,9.68067,0.0637389,-0.008233213,0.0017255334
0.038320314,2.074087,9.81,0.06107574,-0.0050374204,0.002790798
0.043110352,2.069297,9.78605,0.057879943,-0.003972156,-0.004666053
0.023950197,1.7723145,9.81958,0.06320626,-0.006102685,-0.004133421
0.009580079,2.1028273,9.80521,0.06160837,-0.0023742593,-0.0030681565
-0.07185059,2.1363575,9.833951,0.0637389,0.002952063,-0.002002892
0.033530276,1.8010547,9.74773,0.06799996,-0.0050374204,0.0017255334
-0.023950197,2.0549269,9.72378,0.05894521,8.215341E-4,0.0033234302
-0.07664063,1.7818946,9.64714,0.056282047,0.009876282,-0.004133421
-0.07664063,1.7818946,9.64714,0.055749416,0.011474179,1.2763673E-4
-0.05269043,2.1650977,9.733359,0.04775993,0.0168005,0.004921327
-0.05748047,2.1746778,9.70941,0.049890462,0.019463662,0.002790798
-0.06706055,1.9351759,9.608819,0.053618886,0.022126824,0.004921327
-0.05269043,2.203418,9.73815,0.048292562,0.023192087,0.0043886947
-0.16286133,2.1219873,9.642349,0.05468415,0.020528926,-0.00147026
-0.15328126,2.1028273,9.589659,0.050955724,0.0168005,0.004921327
-0.13891114,2.2656887,9.64714,0.050955724,0.015735235,1.2763673E-4
-0.09101075,1.8776954,9.637559,0.046162035,0.015202605,-0.00147026
-0.12454102,2.208208,9.627979,0.04243361,0.019996293,-0.0051986855
-0.10538086,2.2608986,9.618399,0.046694666,0.0146699725,-0.00626395
-0.14849122,2.179468,9.575289,0.04456414,0.01413734,-0.006796582
-0.14849122,2.179468,9.575289,0.041368347,0.017333133,-0.009459743
-0.15328126,1.9926564,9.575289,0.039237816,0.016267868,-0.014253433
-0.25387207,2.2129982,9.627979,0.033911493,0.012539444,-0.01585133
-0.19160157,2.1650977,9.575289,0.024324114,0.012539444,-0.013188169
-0.17244141,1.9734962,9.651929,0.031248331,0.0040173274,-0.016916595
-0.2682422,2.1507277,9.623189,0.03018307,0.002952063,-0.023840815
-0.17723145,1.9303858,9.6615095,0.022726217,-0.0029068915,-0.02064502
-0.20597169,2.0118165,9.64714,0.014204101,0.0018867985,-0.023308182
-0.1820215,1.9112257,9.560919,0.020595688,8.215341E-4,-0.017449228
-0.14849122,2.0022364,9.584868,0.00941041,-0.003972156,-0.02064502
-0.17244141,1.9255958,9.580078,0.008345147,-0.0023742593,-0.017449228
-0.11496094,2.078877,9.72378,0.0062146178,-0.0050374204,-0.023308182
-0.20118165,2.059717,9.546548,0.004084089,-0.0034395237,-0.02064502
-0.20118165,2.059717,9.546548,3.5566313E-4,-0.006635317,-0.02277555
-0.10538086,2.1698878,9.599238,0.0051493533,-0.0108963745,-0.021177653
-0.16286133,2.088457,9.508228,-0.0033727624,0.0018867985,-0.020112388
-0.16765137,2.2177882,9.560919,-0.004970659,0.0013541663,-0.020112388
-0.1820215,2.1219873,9.5561285,-0.00976435,0.005615224,-0.016383963
-0.1101709,2.1076174,9.632769,-0.015623304,0.008278386,-0.016383963
-0.2203418,2.2273684,9.64714,-0.009231717,0.010408915,-0.01105764
-0.20118165,2.198628,9.623189,-0.019884361,0.0146699725,-0.009992375
-0.2921924,2.2177882,9.766891,-0.01455804,0.0146699725,-0.007861846
-0.34488282,2.193838,9.718989,-0.0172212,0.00934365,-0.009459743
-0.3305127,2.189048,9.7621,-0.016688567,0.005615224,-0.0036007888
-0.3879932,2.1746778,9.75731,-0.018819097,0.013072076,6.6026894E-4
-0.3879932,2.1746778,9.75731,-0.016155936,0.015202605,-9.3762774E-4
-0.34009278,2.2656887,9.74294,-0.012427511,0.019463662,0.0022581657
-0.34009278,2.2369483,9.78605,-0.018819097,0.015202605,0.004921327
-0.45026368,2.2225783,9.73815,-0.019884361,0.0066804886,0.0086497525
-0.4023633,2.2608986,9.857901,-0.011894879,0.011474179,0.017171867
-0.41194338,2.2848487,9.7812605,-0.008699085,0.008811018,0.0145087065
-0.37362307,2.1698878,9.83874,-0.009231717,0.009876282,0.016106602
-0.4023633,2.203418,9.80521,-0.00763382,0.00934365,0.02516135
-0.36883304,2.1459377,9.77647,-0.007101188,0.008811018,0.02249819
-0.39278322,2.1603076,9.7812605,0.0035514566,0.007213121,0.023563454
-0.3544629,2.2656887,9.74294,-0.0065685557,0.009876282,0.02249819
-0.36883304,2.1555176,9.6615095,8.8829536E-4,0.007213121,0.026759248
-0.2921924,2.1363575,9.72378,0.0035514566,0.010408915,0.032618202
-0.2921924,2.1363575,9.72378,0.0056819855,0.00934365,0.02516135
-0.30177248,2.0405567,9.7812605,0.009943043,0.008811018,0.039009787
-0.21555176,2.0549269,9.75252,0.0030188244,0.009876282,0.042738214
-0.3305127,2.069297,9.69504,0.014204101,0.0077457526,0.03954242
-0.17244141,2.0213966,9.74294,0.013138836,0.008278386,0.04433611
-0.1820215,2.0166066,9.690249,0.014736733,0.012539444,0.04433611
-0.20118165,1.9639161,9.7142,0.0072798817,0.010941547,0.049662434
-0.1820215,1.9208057,9.6615095,0.008345147,0.013604708,0.050195064
-0.119750984,1.9734962,9.69504,0.010475676,0.012006811,0.05339086
-0.11496094,1.8681153,9.72378,0.015269364,0.00934365,0.04859717
-0.16765137,2.078877,9.75252,0.008345147,0.007213121,0.04859717
-0.09580079,1.6813037,9.68067,0.007812514,0.009876282,0.05126033
-0.033530276,1.5998731,9.671089,0.0062146178,8.215341E-4,0.054456122
-0.033530276,1.5998731,9.671089,0.0035514566,2.8890188E-4,0.056586653
-0.033530276,1.8633252,9.704619,0.004084089,0.0034846952,0.044868745
-0.10538086,1.5663428,9.580078,0.0014209276,0.005082592,0.054456122
-0.047900394,1.7531544,9.699829,-0.0039053946,8.215341E-4,0.046999272
-0.0047900393,1.7244141,9.551338,-1.769691E-4,0.0066804886,0.04167295
0.019160157,1.8010547,9.72857,-0.0017748658,-2.4373035E-4,0.03687926
-0.038320314,1.949546,9.666299,-0.007101188,0.0061478564,0.038477156
-0.09101075,1.6860938,9.74773,-0.008699085,0.002952063,0.02995504
-0.14370118,1.9878663,9.78605,-0.00763382,0.007213121,0.033150833
-0.15328126,1.5328126,9.74294,-0.004970659,0.0045499597,0.026226616
-0.12933107,1.8633252,9.901011,-0.01455804,-0.0023742593,0.025693983
-0.20118165,1.5615528,9.766891,-0.014025408,0.002952063,0.026759248
-0.20597169,1.8585353,9.82437,-0.008699085,-0.0050374204,0.027824512
-0.26345217,1.8250049,9.829161,-0.008699085,-0.004504788,0.031552937
-0.25866213,1.8729054,9.881851,-0.0033727624,-0.0077005816,0.030487673
-0.1820215,1.9926564,9.867481,-0.002307498,-0.011961639,0.027824512
-0.18681154,1.7387843,10.015972,0.0051493533,-0.010363742,0.028889775
-0.13891114,2.0357666,9.901011,0.004084089,-0.017820595,0.024628717
-0.07664063,1.465752,9.939331,0.0030188244,-0.021016387,0.024096087
-0.17723145,1.8681153,10.049502,0.012073572,-0.00983111,0.015573972
-0.043110352,1.5950831,9.920172,0.020063056,-0.022081653,0.0145087065
-0.05748047,1.949546,9.972861,0.012073572,-0.019418491,0.009182385
-0.06227051,1.8920655,9.958491,0.025922012,-0.020483755,0.005453959
-0.119750984,1.9255958,10.0063925,0.03337886,-0.027940607,0.0059865913
-0.081430666,2.1124072,9.982442,0.032313596,-0.027407974,0.0043886947
-0.119750984,1.7675245,9.934542,0.034444127,-0.027940607,-0.0057313177
-0.16286133,1.9926564,9.83874,0.038705185,-0.030071136,1.2763673E-4
-0.1341211,1.6525636,9.80521,0.034444127,-0.032201663,-0.0073292144
-0.1101709,1.9303858,9.77168,0.03018307,-0.024744812,-4.0499552E-4
-0.14370118,1.6717237,9.651929,0.038705185,-0.020483755,-0.0025355243
-0.16765137,2.0980372,9.704619,0.036574654,-0.024212182,-0.006796582
-0.15328126,1.954336,9.74773,0.04243361,-0.018885858,-0.0036007888
-0.2203418,2.088457,9.857901,0.0472273,-0.023679549,1.2763673E-4
-0.12933107,2.1555176,9.656719,0.04243361,-0.0146248,-4.0499552E-4
-0.06706055,2.0932472,9.6758795,0.039770447,-0.02900587,-0.00626395
-0.19160157,2.1555176,9.690249,0.04243361,-0.024744812,-0.004133421
-0.21076173,1.9447559,9.604029,0.04030308,-0.022081653,-0.002002892
-0.244292,2.069297,9.551338,0.04030308,-0.017820595,-0.0030681565
-0.14849122,2.0405567,9.469908,0.0307157,-0.018885858,-0.004133421
-0.23471193,2.1124072,9.498648,0.032313596,-0.018353228,0.0038560624
-0.3065625,1.9734962,9.584868,0.029117804,-0.022081653,0.0065192236
-0.34488282,2.203418,9.632769,0.024856746,-0.019951124,0.010247649
-0.3065625,2.1746778,9.5561285,0.022193585,-0.021016387,0.016106602
-0.30177248,2.2656887,9.565708,0.022723295,-0.009833087,0.02143559
-0.34009278,2.1603076,9.651929,0.01899487,-0.013561513,0.023033487
-0.34009278,2.1603076,9.651929,0.016331708,-0.014626777,0.02889244
-0.28261232,2.1315675,9.627979,0.015266443,-0.013028881,0.02835981
-0.25866213,2.2321582,9.527389,0.020060133,-0.015692042,0.03794719
-0.1820215,2.184258,9.704619,0.016331708,-0.021018364,0.03847982
-0.119750984,2.1650977,9.589659,0.017929604,-0.023681525,0.03847982
-0.047900394,2.1650977,9.599238,0.017396973,-0.02687732,0.03901245
0.0,2.069297,9.532178,0.014733812,-0.024214158,0.029957706
0.0,2.1746778,9.589659,0.0062116957,-0.026344687,0.024098752
0.014370117,2.208208,9.426797,0.011538018,-0.018887835,0.017174533
-0.0047900393,2.198628,9.364527,0.0019506379,-0.014094145,0.013978738
0.12454102,2.2800586,9.374106,-0.0012451555,-0.0061046616,0.0065218876
0.100590825,2.198628,9.407638,-0.0060388455,0.0040153507,-0.0014675959
0.028740235,2.2608986,9.604029,-0.010299903,-7.783391E-4,-0.011054977
0.06227051,2.1028273,9.599238,-0.008702006,0.0013521898,-0.011587609
0.05748047,2.0166066,9.503438,-0.015093593,-0.006637294,-0.029697103
0.033530276,1.9926564,9.4507475,-0.023083078,-0.00823519,-0.026501311
0.019160157,2.0501368,9.508228,-0.023083078,-0.0023762358,-0.03875185
0.009580079,2.0022364,9.484278,-0.022550445,-0.0018436036,-0.04514344
0.019160157,2.078877,9.489068,-0.027344136,0.0056132474,-0.051535025
-0.028740235,2.0501368,9.469908,-0.032137822,0.007743776,-0.040349748
-0.06227051,2.1124072,9.422008,-0.03852941,0.012537466,-0.0494045
0.0,1.9351759,9.431587,-0.0433231,0.014135363,-0.04567607
-0.0047900393,2.1698878,9.565708,-0.047051527,0.024788007,-0.048339233
-0.0047900393,1.9447559,9.532178,-0.051312584,0.025853273,-0.056328718
-0.06227051,2.1411476,9.503438,-0.0598347,0.031712227,-0.054198187
-0.047900394,1.949546,9.560919,-0.06729155,0.042897504,-0.058459245
-0.09580079,2.1507277,9.580078,-0.06729155,0.034908023,-0.051535025
-0.14370118,1.9351759,9.613608,-0.067824185,0.034908023,-0.05260029
-0.22513184,2.078877,9.64714,-0.06356312,0.031179594,-0.047273967
-0.21555176,2.0453467,9.489068,-0.06942208,0.03224486,-0.04567607
-0.29698244,2.0118165,9.73815,-0.073683135,0.035440654,-0.040882383
-0.32093263,2.208208,9.651929,-0.063030496,0.03916908,-0.036088694
-0.28261232,1.7914747,9.79563,-0.06995471,0.027983801,-0.036621325
-0.3544629,2.2369483,9.833951,-0.067824185,0.01786379,-0.03555606
-0.3544629,1.6334034,9.800421,-0.067824185,0.026385905,-0.030762369
-0.4023633,1.9303858,9.877061,-0.06835681,0.022657478,-0.023305517
-0.31135255,1.7579445,9.75731,-0.06249786,0.022124847,-0.028099207
-0.42152345,2.0261867,9.85311,-0.06089996,0.014135363,-0.019044459
-0.2921924,2.2417383,9.85311,-0.059302066,0.02319011,-0.022772884
-0.34009278,1.9351759,9.82437,-0.06036733,0.015733259,-0.015316035
-0.32093263,2.3375392,9.82437,-0.054508377,0.022124847,-0.017979195
-0.32572266,1.7914747,9.848321,-0.052377846,0.029581698,-0.015848665
-0.3544629,2.2273684,9.881851,-0.05077995,0.026385905,-0.011587609
-0.36883304,1.9112257,9.862691,-0.04598626,0.03224486,-0.008924448
-0.3879932,2.198628,9.79563,-0.04598626,0.02319011,-0.006261286
-0.41194338,2.193838,9.829161,-0.03906204,0.026385905,-0.008391815
-0.3879932,2.059717,9.915381,-0.033203088,0.01839642,0.0038587265
-0.3784131,2.3710694,9.929751,-0.029474663,0.025853273,0.010782945
-0.3879932,1.8058448,9.766891,-0.027876766,0.016265891,0.00705452
-0.39757326,2.2608986,9.905801,-0.027876766,0.015733259,0.010782945
-0.44547364,1.705254,9.833951,-0.023083078,0.021059582,0.008652416
-0.43110353,2.1746778,9.7621,-0.023615709,0.01786379,0.011848209
-0.4167334,1.9782863,9.81,-0.016158858,0.028516432,0.0155766355
-0.43589357,2.0932472,9.843531,-0.008702006,0.019994317,0.015044003
-0.39757326,2.2944288,9.72378,-0.015093593,0.022657478,0.020902958
-0.3065625,1.9782863,9.7621,-0.012430432,0.021592215,0.025164016
-0.3879932,2.3614893,9.862691,-0.010299903,0.023722744,0.025164016
-0.3305127,1.9064356,9.75731,-0.0028430521,0.014135363,0.034218762
-0.34488282,2.198628,9.81,-0.0028430521,0.023722744,0.034751393
-0.2682422,1.8154249,9.685459,-0.0055062133,0.01839642,0.033153497
-0.29698244,2.1603076,9.79084,-0.012430432,0.019994317,0.040610347
-0.2921924,2.0405567,9.589659,-0.009767272,0.015200628,0.042208247
-0.29698244,2.1076174,9.6615095,-0.014560961,0.014135363,0.05286089
-0.2682422,2.308799,9.6758795,-0.010832535,0.029049065,0.051262993
-0.24908204,1.9016455,9.618399,-0.00710411,0.024255374,0.053926155
-0.22992188,2.203418,9.608819,-0.004440949,0.027983801,0.05232826
-0.19639161,1.710044,9.6615095,-0.007636742,0.02052695,0.0645788
-0.28261232,2.1698878,9.704619,-0.015626226,0.031712227,0.057121947
-0.21076173,1.5998731,9.613608,-0.014560961,0.026385905,0.065111436
-0.244292,1.9016455,9.671089,-0.014028329,0.026918536,0.06244827
-0.09101075,1.7962648,9.656719,-0.022550445,0.027451169,0.05765458
-0.17723145,1.9639161,9.74773,-0.01882202,0.028516432,0.062980905
-0.1341211,2.064507,9.800421,-0.016158858,0.029581698,0.058187213
-0.07664063,1.7962648,9.78605,-0.015626226,0.019994317,0.06244827
-0.07185059,2.064507,9.910591,-0.016158858,0.033842757,0.054458786
-0.033530276,1.6525636,9.80521,-0.014560961,0.026918536,0.05232826
-0.09101075,1.9639161,9.968072,-0.011365168,0.01839642,0.050730363
-0.09580079,1.4897022,9.80521,-0.013495697,0.017331157,0.04859983
-0.081430666,1.9255958,9.862691,-0.019887283,0.023722744,0.047534566
-0.081430666,1.6190332,9.85311,-0.012963064,0.029049065,0.044338774
-0.10538086,1.8776954,9.857901,-0.0055062133,0.021059582,0.051262993
-0.1101709,1.9687061,9.833951,-0.008169374,0.025853273,0.039545085
-0.1101709,1.8585353,9.85311,-0.008702006,0.016265891,0.035284027
-0.100590825,2.179468,9.901011,-0.007636742,0.018929053,0.029957706
-0.1101709,1.7339942,9.843531,-0.0012451555,0.016798524,0.03581666
-0.05269043,2.1650977,9.953702,-0.0055062133,0.015733259,0.02143559
-0.12454102,1.5615528,9.7812605,-0.0017777877,0.024255374,0.032620866
-0.12933107,2.0453467,9.867481,-0.0017777877,0.016798524,0.02143559
-0.047900394,1.6573536,9.75252,-0.009234639,0.015200628,0.020902958
-0.15328126,1.9064356,9.833951,-0.009234639,0.008276409,0.025164016
-0.033530276,1.8537452,9.70941,-0.0012451555,0.014135363,0.018772429
-0.13891114,1.9782863,9.77647,-0.004973581,0.014667995,0.01451137
-0.13891114,2.1603076,9.75731,-0.004973581,0.015733259,0.011315578
-0.16286133,1.8824854,9.733359,-0.0060388455,0.015733259,0.019837694
-0.05748047,2.1603076,9.7142,-0.004973581,0.01786379,0.009185049
-0.038320314,1.6621436,9.733359,-0.008702006,0.014135363,0.0155766355
-0.14849122,2.064507,9.74773,-0.007636742,0.018929053,0.009185049
-0.1341211,1.719624,9.666299,-0.0012451555,0.022124847,0.013446107
-0.119750984,1.954336,9.77168,-0.0017777877,0.024788007,0.013446107
-0.119750984,1.8872755,9.64714,-0.0028430521,0.023722744,0.012913474
-0.100590825,1.9782863,9.74773,0.0019506379,0.022657478,0.0166419
-0.19160157,2.208208,9.6615095,-0.0060388455,0.021592215,0.01451137
-0.21076173,1.8729054,9.699829,-0.0012451555,0.023722744,0.013446107
-0.18681154,2.2177882,9.80521,0.004081167,0.024788007,0.0097176805
-0.19160157,1.6669337,9.766891,-0.0012451555,0.025853273,0.015044003
-0.14370118,2.0932472,9.77647,0.0056790635,0.027983801,0.018772429
-0.20118165,1.6717237,9.613608,0.0072769597,0.026918536,0.017707165
-0.23471193,1.9639161,9.920172,0.009407489,0.023722744,0.022500856
-0.1820215,1.7675245,9.843531,0.008874857,0.025853273,0.020370325
-0.20597169,1.9351759,9.85311,0.013135915,0.02319011,0.02143559
-0.2682422,2.0261867,9.867481,0.018462237,0.013602731,0.018239798
-0.25387207,1.7866846,9.872271,0.0078095924,0.009341673,0.018772429
-0.1101709,2.1076174,9.891431,0.022190662,0.01786379,0.019837694
-0.14370118,1.5950831,9.75252,0.014733812,0.021059582,0.0155766355
-0.17244141,2.0213966,9.83874,0.018462237,0.013602731,0.018239798
-0.1341211,1.5663428,9.72857,0.017396973,0.021059582,0.022500856
-0.1101709,1.9974464,9.75252,0.0195275,0.021592215,0.012380841
-0.119750984,1.8968556,9.64714,0.014201179,0.023722744,0.0065218876
-0.18681154,2.0213966,9.800421,0.017929604,0.03011433,0.015044003
-0.20118165,2.184258,9.69504,0.020592766,0.021059582,0.008119783
-0.19639161,1.8537452,9.848321,0.018462237,0.01839642,0.002793462
-0.25387207,2.2561085,9.7142,0.01686434,0.017331157,0.005456623
-0.15328126,1.6046631,9.77647,0.013668546,0.012537466,0.005456623
-0.23950197,2.078877,9.81958,0.013668546,0.014667995,1.3030079E-4
-0.1580713,1.6381935,9.718989,0.015799075,0.014135363,0.005456623
-0.17244141,1.9447559,9.79084,0.009940121,0.013602731,0.0043913587
-0.119750984,1.9639161,9.623189,0.011005386,0.011472202,0.005456623
-0.17723145,1.9112257,9.857901,0.011538018,0.0056132474,-0.004130757
-0.07664063,2.078877,9.651929,0.009407489,0.017331157,-0.0057286536
-0.14849122,1.7531544,9.766891,0.008874857,0.017331157,-4.0233144E-4
-0.15328126,2.1124072,9.74773,0.011005386,0.017331157,-9.349637E-4
-0.1101709,1.6238233,9.766891,0.0072769597,0.008809041,-0.006261286
-0.100590825,2.0213966,9.77168,0.0051464313,0.008276409,-0.013185506
-0.1341211,1.695674,9.6758795,0.0078095924,-0.0018436036,-0.012652873
-0.119750984,1.9734962,9.78605,0.0019506379,0.006678512,-0.0137181375
-0.07664063,1.9016455,9.627979,3.5274128E-4,0.0056132474,-0.0137181375
-0.100590825,1.9303858,9.7142,0.004081167,2.8692532E-4,-0.0137181375
-0.07664063,2.1028273,9.74773,3.5274128E-4,0.0029500865,-0.017446563
-0.07664063,1.7962648,9.699829,0.0030159024,0.0013521898,-0.015848665
-0.05748047,2.1650977,9.72378,0.0014180057,0.008809041,-0.020642355
-0.086220704,1.7723145,9.637559,0.0014180057,0.004547983,-0.015848665
-0.16765137,2.1411476,9.68067,-0.0012451555,0.0034827187,-0.02170762
-0.09580079,1.8537452,9.685459,-0.0055062133,0.0056132474,-0.019577092
-0.19160157,2.0118165,9.75252,-0.0017777877,0.0040153507,-0.022240253
-0.20597169,1.9926564,9.7812605,-0.0055062133,0.008809041,-0.020109722
-0.19639161,1.9160157,9.814791,-0.0039083166,0.006678512,-0.01691393
-0.23950197,2.1603076,9.79563,-0.0060388455,0.0040153507,-0.015848665
-0.17244141,1.7914747,9.78605,-0.0017777877,0.0056132474,-0.018511826
-0.26345217,2.1076174,9.81958,3.5274128E-4,0.0024174543,-0.013185506
-0.22513184,1.7962648,9.74294,0.0030159024,-2.457069E-4,-0.020109722
-0.31135255,1.9734962,9.800421,0.0019506379,-0.0013109713,-0.0137181375
-0.17244141,1.839375,9.671089,-0.00231042,-0.006637294,-0.022240253
-0.30177248,1.7723145,9.671089,0.0014180057,-2.457069E-4,-0.020642355
-0.2682422,2.0405567,9.671089,0.0051464313,-0.002908868,-0.017446563
-0.26345217,1.6717237,9.69504,0.0062116957,-0.0055720294,-0.014250769
-0.28261232,2.0213966,9.75252,0.0051464313,-0.0061046616,-0.018511826
-0.19160157,1.710044,9.75252,0.0030159024,-7.783391E-4,-0.013185506
-0.29698244,1.9064356,9.81958,-0.0012451555,-0.011430984,-0.017979195
-0.28740236,1.8441651,9.690249,0.0030159024,-0.002908868,-0.021174988
-0.2203418,1.8345851,9.7812605,8.853735E-4,-0.0013109713,-0.011587609
-0.2682422,1.9687061,9.666299,-0.0012451555,-0.006637294,-0.014250769
-0.2682422,1.8106349,9.704619,0.0014180057,-0.006637294,-0.01212024
-0.20118165,1.9160157,9.589659,0.004613799,-0.002908868,-0.014783402
-0.16286133,1.8776954,9.75252,0.0051464313,8.195576E-4,-0.019044459
-0.24908204,2.0309765,9.74773,0.0056790635,-0.0013109713,-0.014250769
-0.28261232,1.9687061,9.7812605,8.853735E-4,0.001884822,-0.010522344
-0.27303225,1.9878663,9.75252,0.0056790635,-0.0034415002,-0.008924448
-0.31135255,1.9974464,9.800421,0.004613799,-7.783391E-4,-0.011587609
-0.22992188,2.0405567,9.74773,0.011538018,2.8692532E-4,-0.008391815
-0.244292,1.9926564,9.6758795,0.0078095924,0.0013521898,-0.0051960214
-0.26345217,2.1028273,9.80521,0.0078095924,-0.004506765,-0.010522344
-0.2682422,2.088457,9.685459,0.013668546,-0.0013109713,-0.008391815
-0.2682422,2.0357666,9.766891,0.015799075,-0.0077025583,-0.004130757
-0.26345217,1.9687061,9.78605,0.013668546,-0.011430984,-0.006261286
-0.24908204,2.0022364,9.766891,0.009407489,-0.010365719,-0.0051960214
-0.2778223,2.0405567,9.79084,0.020592766,-0.014626777,-4.0233144E-4
-0.244292,1.9208057,9.85311,0.021125399,-0.0199531,-0.006261286
-0.32093263,1.8920655,9.829161,0.022190662,-0.021550996,-4.0233144E-4
-0.23471193,1.9064356,9.80521,0.022190662,-0.024214158,-0.006793918
-0.15328126,1.8681153,9.877061,0.017396973,-0.03699733,-0.010522344
-0.13891114,1.8585353,9.867481,0.015799075,-0.030073112,-0.008924448
-0.1580713,1.9160157,9.7621,0.021125399,-0.031671006,-0.017446563
-0.20118165,1.8729054,9.656719,0.014733812,-0.03699733,-0.0137181375
-0.16765137,1.9160157,9.651929,0.014201179,-0.032203637,-0.013185506
-0.18681154,2.0022364,9.584868,0.015266443,-0.031138377,-0.02383815
-0.19639161,2.0405567,9.589659,0.012603283,-0.023148892,-0.022240253
-0.16765137,2.074087,9.594449,0.015266443,-0.017822571,-0.02437078
-0.1341211,2.0501368,9.575289,0.009940121,-0.016757306,-0.02437078
-0.20597169,2.1315675,9.599238,0.011005386,-0.0151594095,-0.022240253
-0.23950197,2.1746778,9.565708,0.004613799,-0.014094145,-0.020109722
-0.28261232,2.189048,9.513018,0.0024832701,-0.005039397,-0.01212024
-0.25387207,2.1698878,9.551338,-1.7989095E-4,-0.0077025583,-0.011054977
-0.28740236,2.189048,9.560919,8.853735E-4,-0.010898352,-0.012652873
-0.32572266,2.179468,9.604029,0.0024832701,-0.005039397,-0.0025328603
-0.27303225,2.2177882,9.522598,-0.00231042,0.0013521898,0.004923991
-0.23950197,2.1363575,9.536968,-0.004440949,0.008809041,0.005456623
-0.2682422,2.1315675,9.565708,-0.0118978005,0.0040153507,0.007587152
-0.25866213,2.088457,9.551338,-0.014028329,0.007743776,0.011315578
-0.20597169,2.074087,9.570498,-0.018289387,0.013070099,0.01451137
-0.2203418,2.074087,9.656719,-0.024148341,0.015200628,0.019305062
-0.2203418,2.0309765,9.6758795,-0.022020336,0.013601024,0.014513671
-0.23471193,2.0453467,9.666299,-0.017226646,0.013068392,0.012915775
-0.21076173,1.9926564,9.75731,-0.02787929,0.0141336555,0.015578937
-0.24908204,2.0405567,9.79084,-0.022552969,0.015198921,0.013448408
-0.19639161,1.9782863,9.74294,-0.022552969,0.012535759,0.010252614
-0.23471193,1.9112257,9.833951,-0.011900323,0.0050789085,0.0043936595
-0.23471193,1.949546,9.81958,-0.019889807,0.004013644,0.0027957626
-0.244292,1.8633252,9.829161,-0.019357175,0.0013504827,0.0065241884
-0.18681154,1.8489552,9.953702,-0.016694013,-0.0034432074,-0.0014652951
-0.20118165,1.9255958,9.901011,-0.015096116,-0.009302163,-0.0019979274
-0.26345217,1.9303858,9.843531,-0.014030852,-0.009302163,-0.008389514
-0.26345217,1.9974464,9.877061,-0.01349822,-0.011965323,-0.011052676
-0.244292,1.9160157,9.85311,-0.010302426,-0.008236897,-0.014248468
-0.20597169,2.0405567,9.81958,-0.011367691,-0.015161117,-0.020640055
-0.26345217,2.0405567,9.79084,-0.008704529,-0.019954806,-0.02170532
-0.19160157,2.0453467,9.800421,-0.008171897,-0.01835691,-0.025433745
-0.23950197,2.0118165,9.74773,-0.008171897,-0.023150599,-0.03182533
-0.20597169,2.069297,9.7621,-0.009237162,-0.020487437,-0.025966378
-0.24908204,2.0932472,9.733359,-0.008171897,-0.01356322,-0.02436848
-0.26345217,2.0166066,9.666299,-0.011900323,-0.0071716327,-0.02649901
-0.21555176,2.0980372,9.651929,-0.015096116,-0.019422174,-0.024901113
-0.244292,2.1459377,9.527389,-0.014030852,-0.012497955,-0.025966378
-0.27303225,2.184258,9.613608,-0.016161382,-0.0034432074,-0.017976895
-0.32572266,2.1076174,9.594449,-0.02042244,-0.0039758394,-0.012117939
-0.3161426,2.1363575,9.6615095,-0.018291911,-0.0034432074,-0.013183204
-0.32572266,2.1507277,9.68067,-0.024683498,-0.0034432074,-0.0046610883
-0.37362307,2.1124072,9.72378,-0.028944556,-0.0029105751,0.0027957626
-0.34488282,2.193838,9.72857,-0.02787929,0.0018831149,0.0049262918
-0.34967285,2.1603076,9.733359,-0.026814027,8.1785046E-4,0.010785246
-0.34488282,2.078877,9.671089,-0.029477187,0.0018831149,0.019307362
-0.29698244,2.0501368,9.75252,-0.022552969,-0.0045084716,0.019307362
-0.34488282,1.9878663,9.68067,-0.025748761,-0.0034432074,0.021970524
-0.2682422,1.9399658,9.74773,-0.025216129,-0.0034432074,0.019307362
-0.2778223,1.9782863,9.85311,-0.026281394,-0.0061063683,0.017176833
-0.22513184,1.9303858,9.766891,-0.03000982,-0.005041104,0.021970524
-0.25866213,1.949546,9.64714,-0.024150865,-0.0018453107,0.017176833
-0.24908204,1.9447559,9.75731,-0.022552969,-0.0071716327,0.016111568
-0.23471193,1.8537452,9.75252,-0.028944556,-0.0018453107,0.013448408
-0.17723145,1.8872755,9.857901,-0.023085602,-0.0018453107,0.010252614
-0.16286133,1.9112257,9.83874,-0.02734666,-2.4741396E-4,0.008122085
-0.1820215,1.9447559,9.953702,-0.02042244,2.8521827E-4,0.013448408
-0.17244141,1.9016455,9.881851,-0.018291911,-0.010900059,0.003861027
-0.16765137,1.9591261,9.901011,-0.015096116,-0.011965323,0.003861027
-0.17723145,1.9782863,9.924961,-0.011367691,-0.008236897,0.005458924
-0.12933107,1.9208057,9.924961,-0.0055087367,-0.010367426,0.003861027
-0.12933107,1.9830762,9.877061,-0.0017803111,-0.0066390005,0.0049262918
-0.21076173,2.0022364,9.82437,-0.0071066334,2.8521827E-4,0.0017304983
-0.21076173,1.9351759,9.7142,-0.0012476789,-0.0061063683,0.001197866
-0.17723145,2.0213966,9.862691,0.0014154823,-0.009834794,0.001197866
-0.17244141,2.0549269,9.862691,0.0035460112,-0.0045084716,0.003861027
-0.17723145,1.9782863,9.80521,0.007807069,-0.0066390005,0.001197866
-0.18681154,2.0118165,9.7812605,0.0062091723,-0.002377943,-0.003063192
-0.16286133,1.9639161,9.81,0.005143908,-0.0061063683,0.009719982
-0.21076173,2.0118165,9.814791,0.007807069,-0.005573736,6.652338E-4
-0.1580713,1.9399658,9.7142,0.007807069,-0.008236897,0.0027957626
-0.1820215,1.9830762,9.733359,0.0067418045,-0.0061063683,-0.0025305597
-0.19160157,1.9591261,9.79563,0.0067418045,-0.005573736,-0.004128456
-0.19160157,1.9734962,9.69504,0.008339702,-0.00876953,1.3260158E-4
-0.21555176,1.9591261,9.718989,0.011002863,-0.0066390005,0.0027957626
-0.20118165,1.9687061,9.718989,0.0067418045,-0.002377943,0.003861027
-0.21555176,1.9878663,9.81,0.013133392,-0.01356322,1.3260158E-4
-0.26345217,1.9639161,9.79084,0.0072744363,-7.800462E-4,0.0043936595
-0.25387207,1.9687061,9.72378,0.008872334,-0.0066390005,0.0065241884
-0.22992188,2.0453467,9.690249,0.0019481145,-0.007704265,0.0070568207
-0.3065625,2.078877,9.7621,0.011535495,-0.0045084716,0.010785246
-0.32093263,2.0166066,9.74773,0.01260076,-0.014628484,0.01398104
-0.27303225,2.0549269,9.74773,0.007807069,-0.017291645,0.017176833
-0.27303225,2.059717,9.7142,0.014731289,-0.014095852,0.016111568
-0.26345217,2.0070264,9.75731,0.01526392,-0.014628484,0.015046304
-0.244292,2.083667,9.77647,0.009404966,-0.015161117,0.020372625
-0.20118165,2.1219873,9.7812605,0.013133392,-0.021552702,0.021970524
-0.244292,2.0118165,9.7812605,0.021122875,-0.02102007,0.025698949
-0.25387207,2.088457,9.72857,0.014198656,-0.01888954,0.027829478
-0.12454102,1.9974464,9.79563,0.016329184,-0.021552702,0.037416857
-0.22513184,2.0070264,9.833951,0.016861817,-0.013030588,0.038482122
-0.18681154,1.9878663,9.77647,0.014198656,-0.015693748,0.034221064
-0.1341211,1.9734962,9.733359,0.018992346,-0.022617968,0.031557903
-0.17244141,2.0453467,9.7142,0.014731289,-0.02581376,0.032090534
-0.06227051,1.9447559,9.733359,0.014731289,-0.024215864,0.031557903
0.033530276,1.9782863,9.733359,0.016329184,-0.023683231,0.028894741
-0.0047900393,1.8920655,9.704619,0.01260076,-0.023683231,0.025166316
-0.028740235,1.9160157,9.68067,0.01792708,-0.016759012,0.018242098
-0.023950197,1.9064356,9.623189,0.007807069,-0.019422174,0.017709466
-0.019160157,1.9112257,9.64714,0.011535495,-0.02102007,0.015046304
-0.028740235,1.9926564,9.685459,0.009404966,-0.02102007,0.007589453
0.033530276,1.9687061,9.690249,0.0062091723,-0.017291645,6.652338E-4
-0.081430666,1.954336,9.656719,0.0072744363,-0.024748495,0.001197866
-0.086220704,2.0405567,9.604029,0.0014154823,-0.017824277,-0.003063192
-0.100590825,2.059717,9.656719,-0.0012476789,-0.024215864,-0.005726353
-0.06227051,1.9687061,9.656719,-0.008171897,-0.014628484,-0.009454778
-0.100590825,2.069297,9.575289,-0.0028455756,-0.01356322,-0.006258985
-0.1101709,2.059717,9.594449,-0.008171897,-0.010367426,-0.012650572
-0.16765137,2.0309765,9.608819,-0.0033782078,-0.0114326915,-0.011585307
-0.17244141,2.0405567,9.613608,-0.012965587,-0.014095852,-0.013183204
-0.19160157,2.088457,9.637559,-0.011900323,-0.0071716327,-0.011052676
-0.14370118,2.1267774,9.604029,-0.016161382,-0.009302163,-0.009454778
-0.20597169,2.1076174,9.642349,-0.016161382,-0.0061063683,-0.007856881
-0.14370118,2.0357666,9.632769,-0.026814027,-0.0029105751,-4.0003064E-4
-0.19160157,2.0261867,9.685459,-0.021487704,0.0029483794,0.0022631304
-0.1820215,2.0501368,9.6615095,-0.023618232,2.8521827E-4,1.3260158E-4
-0.20118165,2.088457,9.637559,-0.028411923,2.8521827E-4,0.008122085
-0.23950197,1.9878663,9.6615095,-0.022552969,0.0050789085,0.009719982
-0.1820215,2.0166066,9.64714,-0.022552969,0.011470495,0.008654717
-0.14370118,1.9447559,9.632769,-0.025216129,0.008807334,0.020372625
-0.15328126,1.949546,9.699829,-0.028411923,0.006676805,0.014513671
-0.09101075,1.9734962,9.79084,-0.018824544,8.1785046E-4,0.011317879
-0.16765137,1.949546,9.73815,-0.02734666,0.0056115407,0.013448408
-0.14849122,1.954336,9.70941,-0.023085602,0.01040523,0.016111568
-0.119750984,2.0022364,9.699829,-0.025216129,0.007742069,0.0166442
-0.13891114,1.9639161,9.699829,-0.024150865,0.016264185,0.010252614
-0.1101709,1.9064356,9.74294,-0.028411923,0.011470495,0.015046304
-0.21076173,1.9639161,9.79563,-0.03000982,0.006676805,0.005458924
-0.20118165,1.9782863,9.85311,-0.019357175,0.009872598,0.008122085
-0.15328126,1.9399658,9.848321,-0.022020336,0.0072094374,0.0065241884
-0.14370118,1.8633252,9.81958,-0.019889807,0.0072094374,0.0027957626
-0.17723145,1.9160157,9.814791,-0.019889807,0.0045462763,0.001197866
-0.119750984,1.9112257,9.77168,-0.014563484,0.0029483794,0.0027957626
-0.07664063,1.9064356,9.7142,-0.016161382,0.006676805,6.652338E-4
-0.06227051,1.8250049,9.75252,-0.021487704,2.8521827E-4,-0.0035958241
-0.12454102,1.8633252,9.75252,-0.022020336,0.008274701,-0.0046610883
-0.05269043,1.8106349,9.685459,-0.017226646,0.0029483794,-0.003063192
-0.09101075,1.7531544,9.733359,-0.017226646,8.1785046E-4,-0.0073242495
-0.12454102,1.839375,9.64714,-0.022552969,0.0024157471,-0.010520043
-0.1580713,1.8058448,9.666299,-0.021487704,8.1785046E-4,-0.0067916173
-0.10538086,1.8250049,9.733359,-0.023085602,0.006676805,-0.015846364
-0.17723145,1.7435743,9.656719,-0.018824544,0.0056115407,-0.014248468
-0.23950197,1.8441651,9.7142,-0.018824544,-2.4741396E-4,-0.008922147
-0.15328126,1.8489552,9.7621,-0.019357175,0.004013644,-0.00998741
-0.14849122,1.9064356,9.7142,-0.018824544,0.0029483794,-0.00998741
-0.22992188,1.8872755,9.73815,-0.028944556,0.0045462763,-0.008389514
-0.18681154,1.8729054,9.718989,-0.03000982,0.0056115407,-0.009454778
-0.21555176,1.9064356,9.72857,-0.029477187,0.011470495,-0.00998741
-0.1820215,1.8872755,9.7812605,-0.02734666,0.0045462763,-0.007856881
-0.2778223,1.8776954,9.83874,-0.02787929,-2.4741396E-4,-0.0067916173
-0.19160157,1.9782863,9.766891,-0.026281394,0.0018831149,-0.0035958241
-0.18681154,1.9303858,9.77168,-0.02787929,0.0050789085,-0.006258985
-0.2682422,1.9447559,9.75731,-0.02787929,0.008274701,-0.0035958241
-0.28261232,1.9351759,9.68067,-0.029477187,0.0045462763,-0.0019979274
-0.22513184,1.9782863,9.75252,-0.02787929,0.0024157471,-9.3266286E-4
-0.29698244,2.0070264,9.623189,-0.033738244,0.013068392,6.652338E-4
-0.31135255,2.0501368,9.766891,-0.03000982,0.008274701,0.003861027
-0.25866213,2.0166066,9.75731,-0.023085602,0.010937863,0.005458924
-0.23471193,1.949546,9.79084,-0.033738244,0.008807334,0.0017304983
-0.19639161,2.059717,9.7621,-0.026281394,0.0050789085,0.0049262918
-0.3065625,2.0070264,9.75252,-0.026814027,0.011470495,-0.0035958241
-0.3161426,1.9639161,9.75252,-0.026814027,0.0141336555,1.3260158E-4
-0.33530274,1.9782863,9.78605,-0.016161382,0.012003127,-0.0025305597
-0.30177248,1.9974464,9.766891,-0.025216129,0.009339966,0.0022631304
-0.2682422,1.9782863,9.74773,-0.021487704,0.01732945,0.001197866
-0.28740236,1.954336,9.867481,-0.01349822,0.008274701,0.001197866
-0.31135255,1.9687061,9.75731,-0.018824544,0.008807334,-0.0035958241
-0.3065625,1.9399658,9.857901,-0.010302426,0.008807334,0.005991556
-0.28740236,1.9112257,9.848321,-0.0055087367,0.01040523,0.0065241884
-0.31135255,1.9208057,9.79084,-0.0012476789,0.006144173,0.003861027
-0.27303225,1.8345851,9.848321,-0.0044434723,0.0056115407,0.005991556
-0.25387207,1.9208057,9.800421,-0.0012476789,0.006144173,0.007589453
-0.22513184,1.8729054,9.81958,-0.0049761045,0.0013504827,0.011317879
-0.19639161,1.9351759,9.78605,3.5021786E-4,0.0072094374,0.0065241884
-0.16286133,1.8776954,9.75252,-0.0033782078,0.0013504827,0.005458924
-0.20118165,1.8489552,9.75252,-0.0055087367,0.0029483794,0.0027957626
-0.17244141,1.9399658,9.72857,-0.0044434723,0.008807334,0.0033283948
-0.1820215,1.8585353,9.78605,-0.00391084,0.011470495,-9.3266286E-4
-0.18681154,1.9351759,9.74294,-0.008704529,0.0056115407,-0.0025305597
-0.14370118,1.8968556,9.671089,-0.011900323,0.0029483794,-4.0003064E-4
-0.19639161,1.949546,9.5561285,-0.008704529,0.008807334,-0.007856881
-0.3161426,1.9639161,9.627979,-0.012432955,0.012003127,-0.0035958241
-0.26345217,2.0405567,9.73815,-0.012965587,0.0050789085,-0.008389514
-0.21076173,1.9926564,9.81,-0.010835058,0.009872598,-4.0003064E-4
-0.23950197,2.0501368,9.833951,-0.011367691,0.009872598,-0.003063192
-0.244292,1.9926564,9.74294,-0.0044434723,0.0018831149,1.3260158E-4
-0.22513184,1.9639161,9.75252,-0.008704529,0.0018831149,0.0022631304
-0.27303225,1.9639161,9.72378,-0.015096116,-2.4741396E-4,0.0043936595
-0.22992188,1.9926564,9.72857,-0.012965587,-0.0013126784,0.003861027
-0.22513184,1.9878663,9.69504,-0.014030852,-0.002377943,0.007589453
-0.24908204,2.0501368,9.72378,-0.018824544,-0.009834794,0.007589453
-0.244292,1.9974464,9.75252,-0.014030852,-2.4741396E-4,0.009719982
-0.21555176,1.9830762,9.69504,-0.018291911,-0.008236897,0.012915775
-0.22513184,2.0070264,9.704619,-0.018824544,-0.008236897,0.015578937
-0.12454102,1.949546,9.766891,-0.018291911,-0.0018453107,0.013448408
-0.21555176,1.9351759,9.733359,-0.014030852,-0.0066390005,0.010785246
-0.1580713,2.0166066,9.704619,-0.02042244,0.004013644,0.022503156
-0.16286133,2.059717,9.6615095,-0.02042244,0.006144173,0.015578937
-0.16765137,1.9399658,9.77168,-0.017759278,0.0029483794,0.017709466
-0.14849122,2.0261867,9.72857,-0.014030852,0.0034810116,0.010785246
-0.16765137,1.9974464,9.6615095,-0.023085602,0.0018831149,0.0043936595
-0.17723145,1.9687061,9.699829,-0.015096116,-0.0039758394,0.008122085
-0.17723145,1.9591261,9.75731,-0.016161382,-7.800462E-4,0.010252614
-0.14370118,1.9687061,9.718989,-0.014030852,-0.0034432074,0.005458924
-0.09101075,1.8920655,9.79084,-0.01349822,-0.0029105751,0.0049262918
-0.14849122,1.8968556,9.77168,-0.008171897,-0.0071716327,-0.0014652951
-0.09580079,1.8776954,9.7812605,-0.01349822,-0.0018453107,-9.3266286E-4
-0.1341211,1.8729054,9.7621,-0.01349822,8.1785046E-4,-0.0019979274
-0.1341211,1.9255958,9.857901,-0.012965587,-0.0045084716,-0.0051937206
-0.13891114,1.9303858,9.85311,-0.017759278,-0.005573736,0.0022631304
-0.07664063,1.8441651,9.78605,-0.011900323,-0.0039758394,-0.008389514
-0.05269043,1.8106349,9.75252,-0.010302426,-0.0013126784,-0.0051937206
-0.12933107,1.8776954,9.74294,-0.006574001,0.004013644,-0.007856881
-0.14849122,1.8920655,9.78605,-0.0076392656,-0.00876953,-0.012650572
-0.14370118,1.8824854,9.77168,-0.0097697945,0.0018831149,-0.011585307
-0.12454102,1.9064356,9.872271,-0.008704529,-0.0071716327,-0.007856881
-0.17244141,1.9351759,9.843531,-0.006574001,-0.014095852,-0.008922147
-0.19639161,1.954336,9.896221,-0.006041369,-0.0071716327,-0.008389514
-0.27303225,1.8681153,9.896221,-0.0071122115,-0.0130343605,-0.0046560024
-0.23471193,1.8681153,9.814791,-0.003916418,-0.0045122453,-0.0025254737
-0.21076173,1.8824854,9.843531,-0.0044490504,-0.011436464,-3.949447E-4
-0.21555176,2.0166066,9.79084,-0.007644844,-0.013566993,-0.005721267
-0.26345217,1.9687061,9.877061,-1.8799253E-4,-0.008773303,0.008659803
-0.20597169,1.9303858,9.766891,0.0024751686,-0.010371199,0.003866113
-0.2682422,1.9303858,9.848321,-7.2062475E-4,-0.006642774,0.0028008486
-0.244292,1.9303858,9.77647,8.7727193E-4,-0.010903832,0.011322965
-0.25866213,1.9399658,9.829161,0.0030078008,-0.001849084,0.0102576995
-0.23950197,1.9639161,9.79563,0.007268858,-0.0013164518,0.007594539
-0.244292,1.9112257,9.77647,0.0046056975,-0.0045122453,0.012388228
-0.2203418,1.9830762,9.766891,0.0040730652,-0.0045122453,0.009192436
-0.25866213,1.9208057,9.72378,0.007801491,-0.001849084,0.01505139
-0.22992188,1.9974464,9.766891,0.0083341235,0.0013467093,0.014518757
-0.29698244,2.0166066,9.814791,0.00993202,-0.0029143486,0.02037771
-0.21555176,1.9016455,9.82437,0.0067362264,-7.838196E-4,0.01771455
-0.244292,1.9591261,9.829161,0.008866755,-0.003979613,0.01984508
-0.2203418,2.0261867,9.79084,0.00993202,-0.011969096,0.020910343
-0.23950197,2.078877,9.699829,0.013660445,-0.0023817164,0.020910343
-0.17244141,2.0213966,9.75731,0.018454136,-0.003979613,0.019312447
-0.17244141,1.9974464,9.81,0.012595181,-0.003979613,0.018779814
-0.15328126,1.9591261,9.75731,0.01472571,-0.003979613,0.018247183
-0.12933107,1.9303858,9.79084,0.013660445,-0.006110142,0.01771455
-0.19160157,2.0070264,9.72378,0.012062549,-0.0029143486,0.021442976
-0.13891114,1.9303858,9.671089,0.015258341,-0.0055775098,0.019312447
-0.1101709,2.0070264,9.6758795,0.012595181,-0.0029143486,0.018779814
-0.14849122,1.9878663,9.77168,0.013127813,-0.006642774,0.01505139
-0.13891114,1.9639161,9.613608,0.011529916,-0.0045122453,0.014518757
-0.119750984,1.9591261,9.766891,0.007268858,-0.009838567,0.010790332
-0.086220704,1.8968556,9.72378,0.014193078,-0.0055775098,0.011322965
-0.15328126,1.8920655,9.666299,0.012062549,-0.0023817164,0.0102576995
-0.17723145,1.9447559,9.72378,0.0024751686,-0.009838567,0.011322965
-0.18681154,1.8872755,9.81,0.00993202,-0.0077080387,0.009192436
-0.18681154,1.9591261,9.77168,0.006203594,-7.838196E-4,0.007594539
-0.14849122,1.949546,9.79563,0.009399387,-0.006110142,0.013453494
-0.22992188,1.949546,9.814791,0.003540433,-0.008773303,0.009725068
-0.20597169,1.9064356,9.72857,0.0046056975,-0.0071754064,0.012388228
-0.17723145,1.9351759,9.75731,0.0024751686,-0.003979613,0.011322965
-0.1820215,1.9447559,9.7142,0.00993202,-0.0050448775,0.010790332
-0.1341211,1.9303858,9.74294,-0.0023185215,-0.008773303,0.007594539
-0.15328126,1.9639161,9.70941,0.003540433,-0.0023817164,0.008659803
-0.07664063,2.0261867,9.69504,-0.005514315,-0.006110142,0.007594539
-0.20597169,1.9830762,9.623189,-7.2062475E-4,0.0018793416,0.009192436
-0.18681154,1.9687061,9.642349,0.003540433,-0.0045122453,0.0049313777
-0.18681154,1.9734962,9.642349,0.0024751686,-0.0050448775,0.003866113
-0.16765137,1.9782863,9.651929,-0.0028511537,-0.0034469808,0.001202952
-0.19160157,1.9591261,9.671089,-0.0023185215,-0.003979613,0.009725068
-0.2203418,1.9926564,9.6758795,-0.005514315,0.0018793416,0.009192436
-0.16765137,1.9447559,9.699829,-0.010308005,8.140771E-4,0.008659803
-0.2203418,1.9064356,9.704619,-0.006046947,8.140771E-4,0.013453494
-0.19160157,1.9399658,9.690249,-0.007644844,8.140771E-4,0.009725068
-0.16765137,1.9782863,9.685459,-0.011373269,0.0024119737,0.009192436
-0.119750984,1.9639161,9.64714,-0.00924274,0.0045425026,0.011322965
-0.119750984,2.0070264,9.6758795,-0.010308005,0.0034772381,0.013453494
-0.17244141,1.9351759,9.7621,-0.014036431,0.0061403993,0.009725068
-0.18681154,1.9782863,9.632769,-0.012438534,-2.511874E-4,0.00546401
-0.21076173,1.949546,9.6615095,-0.01669959,2.8144484E-4,0.012388228
-0.09580079,1.9830762,9.70941,-0.014569063,0.005607767,0.008659803
-0.1580713,1.9112257,9.671089,-0.010840637,0.009336193,0.0049313777
-0.07185059,1.8250049,9.235196,-0.0151016945,0.0061403993,0.0017355842
-0.119750984,1.839375,9.086704,-0.017764855,0.012531986,0.0022682163
-0.244292,1.9064356,9.551338,-0.0284175,0.0072056637,-0.00412337
-0.19639161,1.9399658,9.944121,-0.025221705,-0.009305935,-0.016373912
-0.16765137,2.0405567,10.241104,-0.023091178,-0.0034469808,-0.02063497
-0.18681154,2.0501368,10.174044,-0.02149328,-0.006642774,-0.021167602
-0.14849122,2.0261867,9.972861,-0.020428017,-0.0071754064,-0.020102337
-0.1341211,1.8824854,9.69504,-0.020428017,0.002944606,-0.020102337
-0.12454102,1.8441651,9.522598,-0.025754338,0.008803561,-0.023830764
0.019160157,1.8729054,9.489068,-0.025221705,0.011999354,-0.02063497
-0.019160157,1.7579445,9.436378,-0.034276456,0.0066730315,-0.025961293
-0.019160157,1.9447559,9.656719,-0.030015396,0.0018793416,-0.02542866
0.07185059,1.8872755,9.80521,-0.02628697,0.002944606,-0.03288551
0.019160157,1.949546,9.81958,-0.032145925,-0.0045122453,-0.029157085
-0.038320314,1.9255958,9.872271,-0.03321119,-0.006642774,-0.02755919
-0.05748047,1.8441651,9.699829,-0.039602775,0.0024119737,-0.031287614
-0.05748047,1.8776954,9.70941,-0.03587435,0.005075135,-0.027026556
-0.1101709,1.8920655,9.74294,-0.03800488,0.009336193,-0.025961293
-0.20118165,1.9016455,9.7621,-0.03587435,0.013597251,-0.01584128
-0.15328126,1.9639161,9.848321,-0.031613294,0.013064619,-0.014776015
-0.20118165,2.0070264,9.862691,-0.04066804,8.140771E-4,-0.012112853
-0.1341211,1.9160157,9.83874,-0.030548029,-0.011969096,-0.010514957
-0.14849122,2.0453467,9.7621,-0.03587435,-0.003979613,-0.008917061
-0.19639161,1.9208057,9.79563,-0.034809086,-0.0050448775,-0.007851795
-0.16286133,1.9782863,9.74773,-0.035341717,-0.009305935,-0.009449692
-0.16286133,1.9447559,9.70941,-0.034809086,-0.001849084,-0.008917061
-0.16286133,1.8872755,9.7621,-0.03587435,8.140771E-4,-0.007851795
-0.1820215,1.8250049,9.699829,-0.04013541,0.0040098703,-0.008917061
-0.19160157,1.8729054,9.867481,-0.038537513,0.005607767,-0.0046560024
-0.11496094,1.9351759,9.800421,-0.036406983,0.009868825,-0.0025254737
-0.14849122,1.954336,9.896221,-0.037472248,0.0034772381,-0.0046560024
-0.22992188,1.9208057,9.8866415,-0.038537513,0.0024119737,-0.0046560024
-0.23471193,1.9782863,9.862691,-0.03800488,2.8144484E-4,-0.0025254737
-0.25866213,1.9687061,9.7621,-0.034809086,-0.0023817164,-0.011580221
-0.19639161,2.059717,9.79084,-0.034809086,-0.0029143486,-0.007851795
-0.2203418,1.949546,9.80521,-0.028950132,0.0013467093,-0.003058106
-0.23950197,2.0022364,9.74294,-0.023091178,0.010401458,-9.275769E-4
-0.28261232,2.0309765,9.7621,-0.019362751,0.009868825,-0.0019928415
-0.2921924,2.0309765,9.829161,-0.02362381,0.010401458,1.3768752E-4
-0.32093263,2.0070264,9.848321,-0.019362751,0.008803561,0.007594539
-0.3305127,1.9734962,9.915381,-0.016166959,0.015195148,0.008659803
-0.3305127,1.9878663,9.81,-0.010840637,0.01839094,0.008659803
-0.3544629,1.9926564,9.833951,-0.0044490504,0.010401458,0.010790332
-0.33530274,1.9878663,9.843531,-0.003916418,0.02052147,0.012388228
-0.3161426,2.0118165,9.915381,-7.2062475E-4,0.01093409,0.02037771
-0.26345217,1.8776954,9.872271,-0.003383786,0.0077382955,0.017181918
-0.35925296,1.9160157,9.833951,0.0019425363,0.01785831,0.016649285
-0.2682422,1.9926564,9.80521,-1.8799253E-4,0.016260412,0.022508241
-0.3065625,1.9160157,9.915381,0.007268858,0.01093409,0.019312447
-0.28261232,1.8968556,9.924961,8.7727193E-4,0.01093409,0.015584023
-0.1820215,1.839375,9.800421,0.0030078008,0.008803561,0.018779814
-0.12454102,1.9303858,9.862691,0.013127813,0.0066730315,0.008659803
-0.09101075,1.7914747,9.75731,0.013660445,0.0077382955,0.009725068
-0.081430666,1.8537452,9.829161,0.015790975,0.0066730315,0.009725068
-0.05269043,1.8250049,9.848321,0.013127813,0.0061403993,0.003866113
-0.1101709,1.7675245,9.7621,0.018986769,-0.0050448775,0.003866113
-0.038320314,1.8250049,9.80521,0.020584665,-0.003979613,-0.0019928415
-0.07185059,1.7579445,9.79563,0.018986769,-0.008773303,-0.011580221
-0.086220704,1.7866846,9.79563,0.01472571,-0.011969096,-0.01104759
-0.014370117,1.7962648,9.671089,0.014193078,-0.011436464,-0.01371075
