-0.29698244,2.0357666,9.75252,-0.01432798,0.006023638,-0.022107096
-0.2778223,1.9974464,9.74773,-0.018589037,0.0070889024,-0.019443935
-0.32572266,1.949546,9.78605,-0.015393243,0.0086868,-0.017846039
-0.33530274,1.8681153,9.862691,-0.0031427022,-0.0062269033,-0.023704993
-0.3161426,1.7914747,9.896221,-0.008469025,-3.679487E-4,-0.014117612
-0.34488282,1.9160157,9.924961,-0.007936392,-0.0046290066,-0.019443935
-0.3544629,1.8920655,9.79563,5.3091208E-5,-0.008890064,-0.024237623
-0.34009278,1.9016455,9.910591,5.8572344E-4,-0.021673238,-0.02317236
-0.364043,1.8106349,9.992022,0.0021836201,-0.012085858,-0.023704993
-0.4023633,1.8776954,9.872271,-0.0010121732,-0.008890064,-0.028498681
-0.41194338,1.9926564,10.001602,0.010173104,-0.014216387,-0.02796605
-0.43110353,1.8776954,9.862691,0.010173104,-0.009422697,-0.025302889
-0.39757326,1.9782863,9.901011,0.007509942,-0.021140605,-0.02796605
-0.39278322,1.9255958,9.877061,0.012836264,-0.020607973,-0.020509198
-0.39757326,1.9639161,9.872271,0.0064446777,-0.021140605,-0.025835522
-0.39757326,1.9255958,9.896221,0.010705736,-0.026999561,-0.024237623
-0.39757326,1.9830762,9.80521,0.011238367,-0.025401663,-0.02796605
-0.43589357,1.9878663,9.74773,0.014966792,-0.029130088,-0.019443935
-0.38320315,2.0261867,9.72378,0.012836264,-0.03392378,-0.023704993
-0.3879932,2.0501368,9.690249,0.013368896,-0.026999561,-0.017313406
-0.34967285,1.9926564,9.69504,0.0069773095,-0.02486903,-0.013052348
-0.34009278,1.954336,9.666299,0.0053794133,-0.03445641,-0.011987083
-0.3161426,1.949546,9.72378,0.007509942,-0.03498904,-0.011454451
-0.34967285,2.1219873,9.580078,0.009107838,-0.028064825,-0.009856554
-0.34009278,2.0261867,9.651929,-0.0020774377,-0.022738503,-0.0061281286
-0.2778223,2.064507,9.642349,5.8572344E-4,-0.032858513,-0.0055954964
-0.28740236,2.0549269,9.532178,-4.7954102E-4,-0.025934296,-0.0013344383
-0.2778223,2.069297,9.541759,-0.0036753344,-0.023803767,0.0029266195
-0.22992188,2.0357666,9.498648,-0.009001656,-0.020607973,2.6345832E-4
-0.28261232,2.0453467,9.469908,-0.010066922,-0.016346915,-2.691739E-4
-0.3161426,2.0022364,9.445957,-0.010066922,-0.012085858,0.0034592517
-0.19639161,2.0261867,9.503438,-0.016458508,-0.015814284,0.004524516
-0.19639161,2.0453467,9.551338,-0.020186933,-0.008890064,7.960906E-4
-0.21076173,1.9926564,9.522598,-0.025513254,-0.009422697,0.0013287228
-0.19639161,2.0309765,9.484278,-0.024980623,-0.011020593,0.001861355
-0.21076173,1.9830762,9.604029,-0.035100635,-0.0046290066,0.001861355
-0.13891114,2.0070264,9.575289,-0.029774312,-0.005161639,-8.018061E-4
-0.21076173,1.9639161,9.584868,-0.032970104,-0.00303111,-0.0013344383
-0.20597169,1.9974464,9.589659,-0.037231166,-0.0046290066,-2.691739E-4
-0.19639161,1.9878663,9.637559,-0.038296428,-0.0040963744,7.960906E-4
-0.22992188,1.9878663,9.623189,-0.037763797,0.0028278446,-0.0023997028
-0.2203418,1.9591261,9.613608,-0.042024855,-0.0072921677,-0.0013344383
-0.20597169,1.9303858,9.632769,-0.03403537,-0.008357432,7.960906E-4
-0.19160157,1.9447559,9.70941,-0.039361693,-0.005694271,-2.691739E-4
-0.25866213,1.9687061,9.623189,-0.039894324,-0.0072921677,-8.018061E-4
-0.31135255,1.9112257,9.6615095,-0.038296428,-0.0067595355,0.004524516
-0.23950197,1.9591261,9.685459,-0.042024855,-0.0035637422,-0.0034649672
-0.28740236,1.949546,9.733359,-0.035633266,-0.0062269033,-0.0034649672
-0.31135255,1.9447559,9.83874,-0.042024855,-0.0067595355,0.001861355
-0.24908204,1.9303858,9.81958,-0.04309012,-0.010487961,0.005057148
-0.3544629,1.839375,9.83874,-0.04095959,-0.019010076,-0.002932335
-0.26345217,1.9303858,9.829161,-0.037763797,-0.013683755,-8.018061E-4
-0.2203418,1.9351759,9.72857,-0.03403537,-0.0147490185,0.008252941
-0.18681154,1.9160157,9.79084,-0.042024855,-0.016346915,-0.0013344383
-0.26345217,1.8824854,9.881851,-0.042024855,-0.015281651,-8.018061E-4
-0.19160157,1.9878663,9.81,-0.030839577,-0.015814284,-0.009323922
-0.25387207,2.0213966,9.79084,-0.031904843,-0.015281651,-0.0061281286
-0.2778223,2.0309765,9.718989,-0.027111152,-0.018477445,-2.691739E-4
-0.24908204,2.0166066,9.69504,-0.027111152,-0.018477445,-0.007726025
-0.24908204,2.1124072,9.72378,-0.028176416,-0.011553226,-0.007193393
-0.21555176,2.0309765,9.685459,-0.030306945,-0.009422697,-0.012519715
-0.25387207,2.0118165,9.72857,-0.021252196,-0.01261849,-0.012519715
-0.2682422,2.0070264,9.74773,-0.029241681,-0.009422697,-0.01624814
-0.23950197,1.9878663,9.690249,-0.027643785,-0.0062269033,-0.011454451
-0.23471193,2.0022364,9.69504,-0.021252196,-0.0062269033,-0.011987083
-0.22992188,1.9926564,9.7142,-0.022850094,-0.005161639,-0.004530232
-0.24908204,1.9830762,9.70941,-0.021252196,0.0017625802,-0.0055954964
-0.23950197,1.9878663,9.72378,-0.021252196,6.973158E-4,2.6345832E-4
-0.10538086,1.9399658,9.77168,-0.02657852,6.973158E-4,-0.004530232
-0.244292,1.9734962,9.70941,-0.02657852,0.0022952124,0.0061224126
-0.16765137,1.9591261,9.637559,-0.021784829,0.0033604768,0.0013287228
-0.20597169,1.9639161,9.718989,-0.027111152,6.973158E-4,0.006655045
-0.1820215,1.9399658,9.64714,-0.030839577,0.001229948,2.6345832E-4
-0.14370118,1.9208057,9.637559,-0.02657852,0.0044257413,0.0077203093
-0.21555176,1.8585353,9.69504,-0.026045887,-3.679487E-4,0.0023939873
-0.20118165,1.9208057,9.74294,-0.027643785,-9.005809E-4,0.0029266195
-0.21076173,1.9208057,9.79084,-0.031904843,-0.0019658455,0.01038347
-0.23471193,1.9208057,9.77647,-0.030306945,-0.005694271,0.009318206
-0.23471193,1.9255958,9.77168,-0.0361659,-0.00303111,0.008252941
-0.21076173,1.9399658,9.85311,-0.029774312,-0.0062269033,0.012513999
-0.23950197,1.8824854,9.7621,-0.030306945,-0.015281651,0.009850838
-0.28261232,1.9399658,9.881851,-0.031904843,-0.014216387,0.011448735
-0.2682422,2.0022364,9.814791,-0.024980623,-0.016879547,0.0077203093
-0.25387207,1.9591261,9.8866415,-0.02657852,-0.017944813,0.010916103
-0.2778223,1.8968556,9.877061,-0.021784829,-0.016346915,0.015709793
-0.25866213,1.9639161,9.924961,-0.021784829,-0.014216387,0.009850838
-0.20597169,1.9447559,9.77647,-0.026045887,-0.026999561,0.014111896
-0.2203418,1.9447559,9.867481,-0.016458508,-0.02220587,0.013579264
-0.2778223,1.9878663,9.877061,-0.0127300825,-0.009955329,0.009850838
-0.22513184,1.9639161,9.81958,-0.012197451,-0.009422697,0.0061224126
-0.18681154,1.9064356,9.75731,-0.011664818,-0.012085858,0.008252941
-0.15328126,1.9255958,9.7621,-0.011664818,-0.019542709,0.0055897804
-0.19160157,1.9974464,9.651929,-0.0047405986,-0.008890064,0.0034592517
-0.17723145,1.9447559,9.75252,-0.009534289,-0.0046290066,7.960906E-4
-0.2778223,1.9830762,9.77168,-0.008469025,-0.0072921677,2.6345832E-4
-0.16765137,2.0213966,9.72378,-0.007936392,-0.00303111,-0.0055954964
-0.18681154,1.9830762,9.74294,-0.008469025,-0.013683755,0.0013287228
-0.1820215,1.9782863,9.690249,-0.0068711275,-3.679487E-4,7.960906E-4
-0.16765137,1.9351759,9.608819,-0.0127300825,-0.0062269033,-0.005062864
-0.21555176,1.9255958,9.627979,-0.00740376,0.0049583735,-0.002932335
-0.19639161,1.8633252,9.651929,-0.0052732313,0.0044257413,-0.0013344383
-0.14370118,1.9830762,9.64714,-0.011132185,0.013480489,-0.002932335
-0.1341211,1.9351759,9.685459,-0.008469025,0.011882592,0.0039918837
-0.22513184,1.8824854,9.704619,-0.0127300825,0.0086868,-0.0013344383
-0.19639161,1.9112257,9.69504,-0.0063384958,0.0054910057,-0.0023997028
-0.22513184,1.9112257,9.81,-0.013262714,0.0044257413,2.6345832E-4
-0.2203418,1.9782863,9.766891,-0.013262714,0.0044257413,-2.691739E-4
-0.22992188,1.949546,9.75252,-0.0047405986,-0.0035637422,-2.691739E-4
-0.20118165,1.9734962,9.814791,-0.0127300825,0.0049583735,-2.691739E-4
-0.26345217,1.9447559,9.78605,-0.00740376,1.6468353E-4,0.0029266195
-0.2921924,1.9016455,9.82437,-0.013262714,0.010284696,0.008252941
-0.34009278,1.9782863,9.74294,-0.009534289,0.0044257413,0.0055897804
-0.3544629,1.8920655,9.872271,-0.011664818,0.003893109,0.005057148
-0.25866213,1.9303858,9.7621,-0.005805863,0.0044257413,0.008785574
-0.27303225,1.9782863,9.829161,-0.0068711275,-9.005809E-4,0.005057148
-0.34009278,1.9064356,9.77168,-0.009001656,-0.0024984777,-0.0013344383
-0.37362307,1.9926564,9.7621,-0.010066922,-0.00303111,0.007187677
-0.31135255,1.9734962,9.74294,-0.010066922,-0.010487961,0.0077203093
-0.3065625,2.0932472,9.642349,-0.01432798,-3.679487E-4,0.010916103
-0.30177248,1.949546,9.75252,-0.010599554,-0.0067595355,0.012513999
-0.36883304,2.0261867,9.599238,-0.015925875,-0.008890064,0.016242424
-0.364043,2.0213966,9.704619,-0.015393243,-9.005809E-4,0.013046632
-0.27303225,2.0501368,9.68067,-0.013262714,-0.00303111,0.013579264
-0.30177248,2.0118165,9.690249,-0.008469025,-0.0024984777,0.021036115
-0.24908204,2.0022364,9.70941,-0.015393243,-0.0024984777,0.019438218
-0.32093263,1.9687061,9.704619,-0.01912167,-0.011020593,0.021036115
-0.21076173,2.0166066,9.618399,-0.018589037,-0.008357432,0.017840322
-0.17723145,1.9208057,9.580078,-0.020719565,-0.01261849,0.0151771605
-0.20118165,1.9351759,9.666299,-0.018589037,-0.0147490185,0.0151771605
-0.1101709,1.9734962,9.618399,-0.013795347,-0.005694271,0.01038347
-0.09101075,1.9878663,9.7621,-0.016458508,-0.0040963744,0.01038347
-0.081430666,2.0166066,9.72857,-0.017523771,-0.010487961,0.010916103
-0.086220704,1.954336,9.70941,-0.015393243,-0.0078248,0.0039918837
-0.100590825,1.9255958,9.79563,-0.016458508,-0.0067595355,0.0013287228
-0.07185059,1.9830762,9.69504,-0.0196543,-0.009422697,-2.691739E-4
-0.043110352,1.9878663,9.74294,-0.017523771,-0.008890064,-0.00879129
0.0,1.9399658,9.718989,-0.009001656,-0.0019658455,-0.011987083
-0.05269043,1.9351759,9.80521,-0.011132185,-0.0067595355,-0.021041831
-0.014370117,1.8968556,9.79084,-0.013795347,-9.005809E-4,-0.025302889
-0.014370117,1.8824854,9.766891,-0.01912167,-0.0024984777,-0.017313406
-0.028740235,1.8585353,9.848321,-0.007936392,-0.005161639,-0.022639727
-0.14849122,1.9399658,9.833951,-0.009534289,-0.0062269033,-0.025302889
-0.09101075,1.8633252,9.901011,-0.009534289,1.6468353E-4,-0.02317236
-0.12933107,1.8585353,9.920172,-0.011132185,-0.0024984777,-0.025302889
-0.1341211,1.8106349,9.814791,-0.009001656,-0.0067595355,-0.02796605
-0.20118165,1.7579445,9.901011,-0.013795347,-0.009422697,-0.02317236
-0.21555176,1.8345851,9.881851,-0.010599554,-0.008357432,-0.030629212
-0.17244141,1.8106349,9.862691,-0.009001656,-0.021673238,-0.022639727
-0.26345217,1.8681153,9.972861,-0.00740376,-0.015281651,-0.01837867
-0.25866213,1.8585353,9.877061,-0.0068711275,-0.01741218,-0.019976566
-0.32572266,1.9639161,9.915381,-0.0031427022,-0.025934296,-0.023704993
-0.25866213,1.9303858,9.905801,-0.005805863,-0.025934296,-0.020509198
-0.3065625,1.9782863,9.82437,-0.007936392,-0.025934296,-0.022107096
-0.2682422,1.9255958,9.857901,-0.00261007,-0.028597457,-0.01837867
-0.3065625,1.9447559,9.7812605,-0.0031427022,-0.025401663,-0.019443935
-0.34967285,1.9974464,9.83874,5.8572344E-4,-0.030195354,-0.018911302
-0.32572266,2.0118165,9.85311,0.0037815168,-0.022738503,-0.019443935
-0.33530274,1.9830762,9.81958,-0.00261007,-0.031793248,-0.022107096
-0.28261232,1.9447559,9.848321,-0.0052732313,-0.03498904,-0.016780773
-0.28261232,1.9974464,9.70941,0.0011183557,-0.030727986,-0.011454451
-0.2682422,1.9782863,9.74294,5.3091208E-5,-0.038184837,-0.015715508
-0.29698244,2.078877,9.699829,0.004314149,-0.031793248,-0.009856554
-0.33530274,2.0357666,9.69504,-0.0015448055,-0.03392378,-0.019976566
-0.18681154,2.059717,9.690249,0.0069773095,-0.031260617,-0.012519715
-0.28740236,2.0405567,9.75252,0.0032488846,-0.02220587,-0.022639727
-0.25387207,1.9399658,9.72378,0.0048467815,-0.017944813,-0.012519715
-0.25387207,1.9687061,9.68067,0.009107838,-0.022738503,-0.014117612
-0.25866213,1.9926564,9.690249,0.012303633,-0.019010076,-0.01358498
-0.23471193,1.9639161,9.656719,0.0053794133,-0.028064825,-0.011454451
-0.19160157,1.9447559,9.70941,0.010173104,-0.023803767,-0.0082586575
-0.23950197,1.9878663,9.64714,0.010705736,-0.01741218,-0.011454451
-0.12933107,1.954336,9.565708,0.0064446777,-0.015281651,-0.009856554
-0.12933107,1.9351759,9.704619,0.014434162,-0.016346915,-0.009323922
-0.20118165,1.8441651,9.608819,0.009640471,-0.019010076,-0.012519715
-0.14370118,1.8585353,9.656719,0.0069773095,-0.009422697,-0.013052348
-0.12933107,1.9399658,9.704619,0.008042575,-0.015814284,-0.013052348
-0.17244141,1.9255958,9.604029,0.004314149,-0.016879547,-0.010389186
-0.22513184,1.8585353,9.685459,-0.0010121732,-0.013151122,-0.015182877
-0.20597169,1.8729054,9.718989,0.0021836201,-0.016879547,-0.007193393
-0.20118165,1.9447559,9.671089,-0.0047405986,-0.016879547,-0.00879129
-0.19160157,1.8633252,9.613608,-0.008469025,-0.019010076,-0.00879129
-0.16765137,1.9112257,9.70941,-0.00261007,-0.02220587,-0.016780773
-0.21555176,1.954336,9.72857,-0.00740376,-0.02220587,-0.010389186
-0.19160157,1.9782863,9.72378,-0.0068711275,-0.019010076,-0.011987083
-0.21076173,1.9782863,9.589659,-0.005805863,-0.016879547,-0.012519715
-0.21076173,2.0022364,9.536968,-0.020186933,-0.018477445,-0.01837867
-0.14849122,1.9591261,9.651929,-0.017523771,-0.015814284,-0.018911302
-0.19160157,2.0213966,9.671089,-0.009534289,-0.016346915,-0.014117612
-0.2203418,1.9782863,9.656719,-0.016991138,-0.020075342,-0.017846039
-0.22513184,2.064507,9.642349,-0.01912167,-0.013683755,-0.014650244
-0.244292,2.0022364,9.64714,-0.0196543,-0.020607973,-0.014117612
-0.19160157,1.9447559,9.613608,-0.020186933,-0.020607973,-0.014650244
-0.21555176,2.088457,9.666299,-0.021784829,-0.019010076,-0.015182877
-0.15328126,1.9734962,9.599238,-0.022850094,-0.015814284,-0.019976566
-0.1820215,1.954336,9.580078,-0.026045887,-0.009422697,-0.021041831
-0.21555176,1.9734962,9.632769,-0.024980623,-0.01261849,-0.015182877
-0.14849122,2.0261867,9.536968,-0.02657852,-0.009955329,-0.017313406
-0.16286133,2.0501368,9.541759,-0.029774312,-0.0062269033,-0.015182877
-0.16765137,2.0213966,9.666299,-0.031372212,-0.010487961,-0.019976566
-0.17723145,1.9782863,9.584868,-0.028709048,-0.0072921677,-0.017846039
-0.1341211,1.9830762,9.594449,-0.034568004,-0.00303111,-0.021041831
-0.20118165,1.9734962,9.666299,-0.0361659,-0.0072921677,-0.022107096
-0.086220704,1.9734962,9.666299,-0.04149222,-0.0062269033,-0.020509198
-0.12454102,1.9782863,9.589659,-0.0361659,-0.010487961,-0.018911302
-0.17244141,1.9016455,9.627979,-0.0361659,6.973158E-4,-0.01837867
-0.14849122,1.9639161,9.599238,-0.037763797,-0.0014332131,-0.022639727
-0.1101709,1.8872755,9.575289,-0.042557485,6.973158E-4,-0.022639727
-0.06706055,1.9687061,9.5561285,-0.04415538,-3.679487E-4,-0.024770256
-0.100590825,1.8010547,9.508228,-0.04788381,0.0022952124,-0.02317236
-0.119750984,1.9112257,9.560919,-0.046818543,-0.0040963744,-0.027433418
-0.09580079,1.8441651,9.5561285,-0.051612236,0.0017625802,-0.029031314
-0.086220704,1.8776954,9.479487,-0.06013435,0.003893109,-0.031161843
-0.09580079,1.8872755,9.527389,-0.061732247,0.001229948,-0.03169447
-0.09580079,1.8489552,9.508228,-0.06439541,0.0022952124,-0.032227106
-0.086220704,1.9208057,9.560919,-0.06333014,0.0044257413,-0.036488164
-0.014370117,1.8920655,9.551338,-0.06652594,0.003893109,-0.043412384
-0.033530276,1.8681153,9.489068,-0.072384894,0.003893109,-0.04234712
-0.05748047,1.8729054,9.551338,-0.07771122,0.0108173285,-0.050336603
-0.14370118,1.9591261,9.570498,-0.07558069,0.007621534,-0.04501028
-0.100590825,1.8729054,9.570498,-0.082504906,0.017741548,-0.04447765
-0.16765137,1.9926564,9.651929,-0.0841028,0.016676283,-0.048206072
-0.1820215,1.8872755,9.671089,-0.08623333,0.012415225,-0.04501028
-0.16765137,1.9351759,9.70941,-0.081439644,0.009752063,-0.040749222
-0.2203418,1.949546,9.70941,-0.07771122,0.017208915,-0.03755343
-0.3161426,1.9064356,9.867481,-0.0841028,0.02093734,-0.037020795
-0.41194338,1.8872755,9.862691,-0.082504906,0.019339444,-0.031161843
-0.3065625,1.8920655,9.81958,-0.07877648,0.015611017,-0.029031314
-0.35925296,1.8681153,9.958491,-0.07717858,0.009219431,-0.021574464
-0.39757326,1.8585353,9.857901,-0.0691891,0.009752063,-0.017313406
-0.43110353,1.8824854,9.944121,-0.06439541,0.016676283,-0.01837867
-0.39278322,1.9830762,9.948912,-0.06013435,0.010284696,-0.0082586575
-0.43589357,1.8729054,9.915381,-0.06013435,0.00655627,-0.007193393
-0.45026368,1.8920655,9.877061,-0.05534066,0.012947857,-0.0023997028
-0.4167334,1.8585353,9.944121,-0.05054697,0.0070889024,0.001861355
-0.4406836,1.9447559,9.901011,-0.05054697,0.0086868,0.0013287228
-0.43589357,1.9160157,9.901011,-0.039361693,0.012947857,-0.0034649672
-0.48379397,1.9112257,9.901011,-0.04149222,0.007621534,0.010916103
-0.35925296,1.8681153,9.948912,-0.030306945,0.0028278446,0.011981367
-0.42152345,1.8920655,9.939331,-0.024980623,0.011882592,0.008785574
-0.40715334,1.949546,9.939331,-0.023382727,0.007621534,0.011448735
-0.39278322,1.8776954,9.924961,-0.021784829,0.01134996,0.014644528
-0.42152345,1.9016455,9.848321,-0.01912167,0.010284696,0.013046632
-0.39757326,1.839375,9.915381,-0.0127300825,0.009219431,0.016775057
-0.364043,1.8776954,9.814791,-0.011664818,0.015611017,0.024231909
-0.3305127,1.8250049,9.867481,-0.007936392,0.020404708,0.019438218
-0.28740236,1.8537452,9.848321,-0.0010121732,0.025198398,0.020503482
-0.22513184,1.7962648,9.77168,-0.0020774377,0.018274179,0.02955823
-0.21076173,1.9112257,9.82437,-0.0010121732,0.022002606,0.02689507
-0.17723145,1.7771046,9.85311,-0.0010121732,0.019872075,0.028492967
-0.17244141,1.8633252,9.85311,-4.7954102E-4,0.0108173285,0.02210138
-0.16286133,1.8106349,9.857901,-0.004207967,0.018806811,0.030623496
-0.20597169,1.8872755,9.8866415,0.0021836201,0.012415225,0.029025597
-0.1820215,1.8824854,9.75731,0.009107838,0.017208915,0.029025597
-0.19160157,1.8489552,9.867481,0.0064446777,0.014013121,0.031156128
-0.18681154,1.8968556,9.814791,0.008575207,0.015078386,0.033286657
-0.2203418,1.8154249,9.929751,0.0053794133,0.009752063,0.03381929
-0.12454102,1.8489552,9.800421,0.005912046,0.021469973,0.03914561
-0.14849122,1.839375,9.8866415,0.005912046,0.012947857,0.036482453
-0.20597169,1.839375,9.829161,0.0053794133,0.013480489,0.037547715
-0.12933107,1.7292042,9.7812605,0.008042575,0.014545754,0.03594982
-0.17723145,1.7148341,9.7812605,0.012836264,0.018274179,0.031156128
-0.1820215,1.7914747,9.843531,0.011771,0.010284696,0.032754026
-0.11496094,1.7244141,9.877061,0.014966792,0.0054910057,0.034351923
-0.17244141,1.7771046,9.872271,0.015499425,0.011882592,0.030090863
-0.16765137,1.8250049,9.82437,0.018162588,0.0108173285,0.02689507
-0.19639161,1.8776954,9.872271,0.02082575,0.0086868,0.022634013
-0.15328126,1.8202149,9.843531,0.019760484,0.013480489,0.022634013
-0.21555176,1.8872755,9.79084,0.028815232,0.017208915,0.020503482
-0.27303225,1.8250049,9.70941,0.024554174,0.013480489,0.030090863
-0.19160157,1.829795,9.72378,0.024554174,0.017741548,0.0151771605
-0.23950197,1.9447559,9.704619,0.021358382,0.017208915,0.018905586
-0.16765137,1.8729054,9.70941,0.032011025,0.020404708,0.023166643
-0.1820215,1.8250049,9.68067,0.028815232,0.023600502,0.021036115
-0.1341211,1.7962648,9.72857,0.029347865,0.02093734,0.022634013
-0.23950197,1.8920655,9.685459,0.029347865,0.026796294,0.020503482
-0.15328126,1.8681153,9.584868,0.03094576,0.02786156,0.021568747
-0.1341211,1.9399658,9.72378,0.02615207,0.019872075,0.02476454
-0.13891114,1.954336,9.671089,0.031478394,0.020404708,0.014111896
-0.1341211,1.9926564,9.642349,0.020293117,0.017208915,0.016242424
-0.1820215,2.0453467,9.666299,0.012832651,0.022000322,0.019440299
-0.14849122,1.9878663,9.642349,0.012832651,0.018271895,0.01730977
-0.14849122,1.9878663,9.642349,0.0048431675,0.036914025,0.017842403
-0.21076173,2.0213966,9.575289,0.006441064,0.034250863,0.016244505
-0.17244141,2.0118165,9.522598,0.0048431675,0.04437088,0.015711874
-0.1820215,1.949546,9.565708,5.8210955E-4,0.045968775,0.009852919
-0.081430666,1.9160157,9.618399,-0.0010157871,0.048631933,0.006657125
-0.15328126,1.9016455,9.560919,-0.0010157871,0.03797929,0.0061244927
-0.12454102,1.8920655,9.560919,-0.005809477,0.043305613,-0.0018649907
-0.09101075,1.8058448,9.594449,-0.0137989605,0.03744666,-0.0034628874
-0.10538086,1.7244141,9.599238,-0.021255812,0.032120336,-0.0039955196
-0.1580713,1.6669337,9.613608,-0.015396857,0.032120336,-0.0130502675
-0.13891114,1.6573536,9.699829,-0.019125285,0.027859276,-0.015180796
-0.119750984,1.6429834,9.666299,-0.021788444,0.02146769,-0.018376589
-0.21555176,1.6477735,9.685459,-0.0276474,0.024663482,-0.022637647
-0.2203418,1.6765138,9.685459,-0.03031056,0.02146769,-0.021572383
-0.19160157,1.6429834,9.800421,-0.029245296,0.018804528,-0.0284966
-0.29698244,1.7627344,9.78605,-0.03563688,0.018804528,-0.02317028
-0.25387207,1.7148341,9.77647,-0.041495834,0.009217149,-0.02317028
-0.27303225,1.829795,9.766891,-0.040963203,0.004956091,-0.025833441
-0.2778223,1.8776954,9.7142,-0.0425611,0.0060213553,-0.026898704
-0.22513184,1.8824854,9.74773,-0.039365306,0.0038908264,-0.024235543
-0.18681154,1.9255958,9.72857,-0.031908456,0.0012276652,-0.025833441
-0.21076173,1.9064356,9.704619,-0.031375825,0.0076192515,-0.024768176
-0.21076173,1.8968556,9.69504,-0.032973718,0.0017602975,-0.02317028
-0.16765137,1.8250049,9.6758795,-0.03510425,0.0070866197,-0.026366074
-0.25387207,1.9255958,9.72378,-0.040963203,0.0017602975,-0.025300808
-0.20118165,1.9639161,9.74773,-0.03723478,1.6240071E-4,-0.022105016
-0.1820215,1.9064356,9.77168,-0.039897937,0.002825562,-0.023702912
-0.16765137,1.8776954,9.83874,-0.040963203,0.0017602975,-0.025833441
-0.2203418,1.8202149,9.80521,-0.03723478,0.008151884,-0.02317028
-0.1580713,1.8872755,9.814791,-0.03563688,0.0038908264,-0.025300808
-0.1820215,1.8154249,9.77647,-0.040430572,0.0044234586,-0.030094499
-0.14370118,1.8872755,9.699829,-0.03510425,0.011347678,-0.030094499
-0.1580713,1.9016455,9.690249,-0.030843193,0.010282413,-0.0284966
-0.17244141,1.7675245,9.75731,-0.028712664,0.014010838,-0.031692393
-0.1820215,1.7004639,9.80521,-0.033506352,0.00974978,-0.025300808
-0.20597169,1.6669337,9.73815,-0.034038983,0.016673999,-0.029561866
-0.244292,1.7387843,9.843531,-0.032441087,0.010815046,-0.03275766
-0.23471193,1.6717237,9.78605,-0.034571618,0.012945575,-0.033822924
-0.23471193,1.6717237,9.78605,-0.024984239,0.010282413,-0.034355555
-0.26345217,1.6286134,9.78605,-0.03031056,0.014010838,-0.031692393
-0.34009278,1.6669337,9.862691,-0.030843193,0.010815046,-0.030627131
-0.27303225,1.719624,9.83874,-0.028712664,0.008684517,-0.029561866
-0.29698244,1.7387843,9.82437,-0.031375825,0.010282413,-0.037018716
-0.3544629,1.7387843,9.877061,-0.03563688,0.0070866197,-0.029561866
-0.34967285,1.8345851,9.75252,-0.033506352,0.0033581941,-0.024235543
-0.33530274,1.8824854,9.81,-0.032973718,0.0033581941,-0.024768176
-0.39278322,1.8441651,9.833951,-0.028180031,0.0017602975,-0.02103975
-0.39757326,1.9064356,9.800421,-0.031908456,0.0044234586,-0.016778693
-0.3784131,2.0070264,9.829161,-0.03031056,0.0070866197,-0.014648164
-0.364043,1.9591261,9.79084,-0.026049502,0.008151884,-0.012517635
-0.4023633,1.9591261,9.77647,-0.024451606,0.008151884,-0.015713427
-0.4023633,1.9591261,9.77647,-0.02072318,0.008684517,-0.0034628874
-0.40715334,1.9830762,9.766891,-0.021788444,0.011347678,-0.0061260485
-0.39278322,2.0549269,9.79563,-0.015396857,0.010282413,-2.6709394E-4
-0.43589357,2.074087,9.718989,-0.011668432,0.012412942,0.0055918605
-0.43589357,2.1363575,9.79084,-0.008472638,0.014543471,0.009852919
-0.45984375,2.069297,9.848321,-0.0047442126,0.012412942,0.0050592283
-0.40715334,2.0213966,9.7812605,-0.012201064,0.016141366,0.011450816
-0.40715334,2.069297,9.79563,0.0011147418,0.011880309,0.011983448
-0.4023633,2.0118165,9.843531,0.0075063286,0.016673999,0.010918183
-0.48379397,1.9830762,9.814791,-0.0036789482,0.020402424,0.013581345
-0.4742139,1.9878663,9.7621,0.0032452708,0.020402424,0.01730977
-0.48379397,1.9830762,9.70941,0.0053757997,0.017739264,0.022636093
-0.48379397,1.9830762,9.70941,0.0011147418,0.018804528,0.027429782
-0.42152345,1.9351759,9.75731,0.010702122,0.025728747,0.027429782
-0.45026368,1.954336,9.800421,5.8210955E-4,0.024663482,0.036484532
-0.46463382,1.8681153,9.7621,0.003777903,0.02146769,0.03808243
-0.45984375,1.839375,9.718989,0.009636858,0.019869791,0.04553928
-0.4742139,1.8872755,9.800421,0.001647374,0.00974978,0.051930863
-0.45984375,1.8872755,9.73815,0.008038961,0.010815046,0.047137175
-0.46463382,1.9064356,9.690249,0.012300019,0.018804528,0.04181085
-0.4167334,1.949546,9.651929,0.001647374,0.02413085,0.047669806
-0.3544629,1.7771046,9.589659,0.005908432,0.012945575,0.051398233
-0.32093263,1.8776954,9.70941,-4.831549E-4,0.014010838,0.0492677
-0.2682422,1.8872755,9.656719,0.001647374,0.016141366,0.051398233
-0.22992188,1.7244141,9.604029,4.9477327E-5,0.015608734,0.04607191
-0.22992188,1.7244141,9.604029,-0.0036789482,0.022000322,0.045006648
-0.23950197,1.8202149,9.72857,-0.0042115804,0.023065586,0.040745586
-0.25387207,1.8776954,9.632769,-0.0074073737,0.0134782065,0.042343486
-0.27303225,1.8441651,9.718989,-0.00900527,0.01933716,0.037017163
-0.20597169,1.8010547,9.651929,-0.012733696,0.016673999,0.040212955
-0.24908204,1.8585353,9.690249,-0.017527387,0.02146769,0.03914769
-0.1580713,1.8010547,9.671089,-0.014331593,0.023065586,0.040745586
-0.21076173,1.8202149,9.70941,-0.011135799,0.00974978,0.035951898
-0.14370118,1.8489552,9.69504,-0.01592949,0.01933716,0.033288736
-0.12454102,1.8441651,9.72378,-0.010070535,0.009217149,0.03382137
-0.038320314,1.7292042,9.73815,-0.015396857,0.008151884,0.034354
-0.086220704,1.8058448,9.766891,-0.021788444,0.008151884,0.022636093
-0.086220704,1.8058448,9.766891,-0.016462123,0.016141366,0.029027678
-0.09580079,1.8537452,9.72378,-0.01806002,0.017206632,0.02210346
-0.100590825,1.8202149,9.77647,-0.01806002,0.019869791,0.019972932
-0.05748047,1.7579445,9.699829,-0.019657915,0.024663482,0.01730977
-0.028740235,1.7627344,9.704619,-0.02285371,0.023065586,0.014113977
-0.038320314,1.7914747,9.7142,-0.021255812,0.023065586,0.016244505
-0.086220704,1.710044,9.7812605,-0.017527387,0.023598218,0.015711874
-0.081430666,1.7339942,9.72857,-0.016462123,0.025728747,0.011450816
-0.028740235,1.7244141,9.77647,-0.017527387,0.023598218,0.0125160795
-0.014370117,1.6573536,9.733359,-0.02072318,0.028391907,0.010918183
-0.081430666,1.6669337,9.79084,-0.022321077,0.0315877,0.010918183
0.028740235,1.7004639,9.79563,-0.019657915,0.027326643,0.007189757
0.043110352,1.6334034,9.78605,-0.024984239,0.028391907,0.009320287
0.043110352,1.6334034,9.78605,-0.024984239,0.030522438,-0.0018649907
-0.047900394,1.6525636,9.79084,-0.030843193,0.032120336,-0.004528152
0.014370117,1.6142433,9.829161,-0.030843193,0.0331856,-0.0034628874
-0.0047900393,1.585503,9.829161,-0.032973718,0.04064245,-0.00878921
-0.043110352,1.6190332,9.671089,-0.031375825,0.043305613,-0.009854473
-0.019160157,1.6286134,9.81958,-0.027114768,0.04064245,-0.012517635
-0.038320314,1.6765138,9.79084,-0.033506352,0.03531613,-0.013582899
-0.038320314,1.5807129,9.905801,-0.031375825,0.03531613,-0.013582899
-0.081430666,1.7244141,9.905801,-0.03563688,0.033718232,-0.0130502675
-0.06706055,1.6860938,9.867481,-0.039365306,0.031055069,-0.017311325
-0.11496094,1.710044,9.958491,-0.03563688,0.0315877,-0.01624606
-0.05748047,1.7627344,9.920172,-0.03563688,0.040109817,-0.020507118
-0.21076173,1.7579445,9.848321,-0.03830004,0.035848763,-0.020507118
-0.21076173,1.7579445,9.848321,-0.030843193,0.045968775,-0.019441854
-0.26345217,1.7387843,9.953702,-0.029245296,0.043838244,-0.024235543
-0.20118165,1.8010547,9.872271,-0.031375825,0.03531613,-0.018376589
-0.3305127,1.7387843,9.881851,-0.03031056,0.040109817,-0.022105016
-0.28261232,1.7244141,9.915381,-0.026049502,0.036381394,-0.018376589
-0.25387207,1.7771046,9.848321,-0.023386342,0.030522438,-0.02103975
-0.25866213,1.7579445,9.905801,-0.020190548,0.027326643,-0.021572383
-0.30177248,1.7627344,9.833951,-0.023386342,0.032652967,-0.022105016
-0.2778223,1.7579445,9.953702,-0.023918973,0.02679401,-0.017843958
-0.30177248,1.8154249,9.881851,-0.021255812,0.030522438,-0.01624606
-0.23471193,1.8106349,9.829161,-0.019657915,0.02892454,-0.019974485
-0.25866213,1.8154249,9.829161,-0.017527387,0.027859276,-0.029561866
-0.25866213,1.8154249,9.829161,-0.02285371,0.025196115,-0.021572383
-0.20597169,1.8345851,9.948912,-0.01806002,0.023598218,-0.021572383
-0.2778223,1.8154249,9.929751,-0.018592652,0.027859276,-0.021572383
-0.21555176,1.9160157,9.920172,-0.010603167,0.031055069,-0.017843958
-0.26345217,1.7339942,9.843531,-0.011135799,0.03531613,-0.019441854
-0.34009278,1.6621436,9.848321,-0.010070535,0.032652967,-0.017311325
-0.22513184,1.6813037,9.905801,-0.005809477,0.03851192,-0.02103975
-0.27303225,1.6477735,9.867481,-0.0047442126,0.033718232,-0.021572383
-0.15328126,1.7339942,9.862691,-0.0015484194,0.04277298,-0.020507118
-0.27303225,1.7914747,9.910591,-0.0063421093,0.047034036,-0.015180796
-0.244292,1.6717237,9.843531,0.0043105353,0.051295094,-0.019974485
-0.244292,1.6765138,9.896221,-0.0042115804,0.049697198,-0.017843958
-0.244292,1.6765138,9.896221,0.01016949,0.049697198,-0.020507118
-0.2778223,1.7148341,9.82437,0.018158972,0.048631933,-0.020507118
-0.22513184,1.6908839,9.877061,0.012300019,0.048631933,-0.021572383
-0.25387207,1.705254,9.79084,0.012300019,0.050762463,-0.019441854
-0.3065625,1.6765138,9.79084,0.018691605,0.05236036,-0.01624606
-0.3065625,1.695674,9.81958,0.014963179,0.058219314,-0.020507118
-0.3544629,1.7579445,9.843531,0.019224236,0.05502352,-0.015713427
-0.36883304,1.8106349,9.77647,0.028811617,0.056088787,-0.014115531
-0.39278322,1.8010547,9.766891,0.027746351,0.056088787,-0.017843958
-0.36883304,1.8202149,9.8866415,0.02934425,0.047034036,-0.010387106
-0.4023633,1.8154249,9.81,0.022952663,0.0480993,-0.012517635
-0.45505372,1.8106349,9.848321,0.020822134,0.043305613,-0.002397623
-0.45505372,1.9351759,9.80521,0.033072677,0.046501406,-2.6709394E-4
-0.45505372,1.9351759,9.80521,0.028811617,0.043305613,0.0018634349
-0.488584,1.7771046,9.867481,0.03200741,0.041175082,0.0023960671
-0.4263135,1.9591261,9.73815,0.03200741,0.03744666,0.003993964
-0.4742139,1.9351759,9.896221,0.030409513,0.032652967,0.0018634349
-0.4023633,1.8729054,9.81,0.03147478,0.03531613,0.0055918605
-0.52690434,1.9016455,9.7812605,0.028811617,0.028391907,0.0029286994
-0.39278322,1.8010547,9.79084,0.032540046,0.027326643,0.0055918605
-0.488584,1.8968556,9.910591,0.03626847,0.024663482,0.0077223894
-0.43110353,1.8250049,9.81958,0.03893163,0.027326643,0.008255022
-0.45984375,1.9734962,9.891431,0.036801104,0.020935057,0.007189757
-0.45984375,1.7531544,9.872271,0.037866365,0.018271895,0.009320287
-0.45026368,1.8824854,9.877061,0.039996896,0.014543471,0.010918183
-0.4742139,2.0070264,9.891431,0.043725323,0.012945575,0.003993964
-0.4742139,2.0070264,9.891431,0.03893163,0.008151884,0.010385551
-0.44547364,1.8058448,9.83874,0.03946426,0.005488723,0.010385551
-0.45505372,2.0549269,9.85311,0.040529527,0.011880309,0.011450816
-0.44547364,1.8345851,9.74773,0.041594792,0.012945575,0.011450816
-0.41194338,1.9782863,9.867481,0.04319269,0.0012276652,0.011983448
-0.35925296,1.9064356,9.6758795,0.039996896,0.0017602975,0.013581345
-0.3161426,2.0357666,9.671089,0.042660058,-0.004098657,0.011450816
-0.31135255,1.9255958,9.74294,0.037866365,-3.7023152E-4,0.0050592283
-0.34009278,2.0118165,9.704619,0.036801104,1.6240071E-4,0.0034613316
-0.34488282,1.8729054,9.656719,0.02721372,0.008684517,0.011450816
-0.23471193,2.059717,9.642349,0.020289501,0.004956091,0.004526596
-0.30177248,1.8537452,9.565708,0.030409513,0.0017602975,0.0023960671
-0.32572266,2.1411476,9.489068,0.016561076,0.008151884,0.0029286994
-0.25866213,1.8968556,9.604029,0.020289501,0.0076192515,2.6553829E-4
-0.30177248,2.1315675,9.560919,0.013365283,0.016141366,-2.6709394E-4
-0.26345217,1.7627344,9.479487,0.018158972,0.0134782065,-0.0013323585
-0.2203418,1.9974464,9.484278,0.01016949,0.011347678,-0.005060784
-0.244292,1.7818946,9.493857,0.005908432,0.0076192515,-0.005060784
-0.23950197,1.9734962,9.517808,0.0053757997,0.016141366,-0.010387106
-0.20597169,1.705254,9.493857,0.0011147418,0.01933716,-0.005060784
-0.22992188,1.8872755,9.594449,4.9477327E-5,0.015076104,-0.005060784
-0.2682422,1.7387843,9.565708,-0.0074073737,0.014010838,-0.0039955196
-0.31135255,1.8058448,9.74294,-0.014864225,0.00974978,-0.002397623
-0.2778223,1.7435743,9.618399,-0.02072318,0.0065539875,-0.0029302551
-0.34009278,1.8681153,9.718989,-0.021788444,0.014010838,-0.007191313
-0.2921924,1.7818946,9.642349,-0.02072318,0.0076192515,-0.0061260485
-0.34488282,1.8202149,9.72857,-0.019125285,0.0060213553,-0.0013323585
-0.2778223,1.8345851,9.72857,-0.023386342,0.0065539875,-2.6709394E-4
-0.32572266,1.7914747,9.7621,-0.026582135,0.002825562,-0.0018649907
-0.34967285,1.8920655,9.80521,-0.0276474,-0.0035660248,-0.0018649907
-0.34009278,1.7914747,9.814791,-0.028180031,0.002825562,-0.0055934163
-0.27303225,1.8872755,9.73815,-0.02551687,-0.004098657,-0.00878921
-0.2921924,1.7962648,9.81958,-0.02551687,-3.7023152E-4,-0.009321841
-0.31135255,1.8681153,9.77168,-0.028712664,-0.006229186,-0.009321841
-0.3065625,1.7818946,9.800421,-0.033506352,-3.7023152E-4,-0.010387106
-0.34009278,1.8250049,9.80521,-0.021788444,-3.7023152E-4,-0.01145237
-0.2682422,1.7339942,9.7812605,-0.0223171,0.0044259694,-0.017846247
-0.21555176,1.7818946,9.77168,-0.025512893,6.975441E-4,-0.024770465
-0.21555176,1.7818946,9.77168,-0.023914997,-0.0072919396,-0.025303097
-0.18681154,1.8154249,9.74773,-0.02444763,-0.0035635137,-0.024237832
-0.21076173,1.8585353,9.7142,-0.018588675,-3.677204E-4,-0.030096788
-0.2203418,1.829795,9.704619,-0.021784468,0.0012301763,-0.027966259
-0.17723145,1.7914747,9.70941,-0.021251835,-9.003526E-4,-0.030096788
-0.2203418,1.8633252,9.73815,-0.015392882,0.0065564984,-0.036488373
-0.29698244,1.8920655,9.685459,-0.015925514,0.008687028,-0.03382521
-0.24908204,1.8250049,9.75731,-0.01752341,0.0092196595,-0.037021004
-0.35925296,1.8920655,9.718989,-0.018056042,0.014545982,-0.03808627
-0.34967285,1.8010547,9.75252,-0.0100665605,0.0150786145,-0.026900994
-0.33530274,1.839375,9.79563,-0.01486025,0.020404937,-0.03062942
-0.36883304,1.7818946,9.800421,-0.014327618,0.008687028,-0.021574672
-0.28740236,1.8681153,9.79563,-0.016458146,0.010817557,-0.024770465
-0.31135255,1.710044,9.800421,-0.0058055017,0.0150786145,-0.023705201
-0.3784131,1.7531544,9.651929,-0.006870766,0.011350188,-0.019444143
-0.3784131,1.7148341,9.74294,5.860849E-4,0.013480717,-0.0135851875
-0.40715334,1.7387843,9.74294,-0.0031423406,0.012948086,-0.01624835
-0.34009278,1.7148341,9.78605,-0.0058055017,0.014013349,-0.008791498
-0.32572266,1.710044,9.80521,0.0021839817,0.0150786145,-0.008258865
-0.3879932,1.7483643,9.800421,0.002716614,0.014545982,-0.0061283363
-0.45026368,1.6669337,9.814791,0.0016513494,0.01188282,-0.005595704
-0.364043,1.705254,9.77647,0.005379775,0.0150786145,0.001861147
-0.44547364,1.7004639,9.75731,0.0059124073,0.019872304,0.0050569405
-0.3879932,1.6190332,9.814791,0.0064450395,0.012415453,-2.6938188E-4
-0.3879932,1.695674,9.848321,0.008575568,0.017209144,0.0071874694
-0.43589357,1.705254,9.79563,0.011771361,0.01188282,0.0034590438
-0.4406836,1.7962648,9.74773,0.012836626,0.02093757,0.015176953
-0.46942386,1.7914747,9.829161,0.0154997865,0.014013349,0.008252733
-0.50774413,1.8441651,9.862691,0.011771361,0.0049586017,0.015176953
-0.46942386,1.8202149,9.877061,0.01390189,0.005491234,0.012513791
-0.43589357,1.9399658,9.881851,0.017097685,0.005491234,0.013046424
-0.43110353,1.7435743,9.862691,0.022424007,0.0065564984,0.017840113
-0.42152345,1.949546,9.77168,0.019760845,0.0017628085,0.018905377
-0.38320315,1.9112257,9.79084,0.020293478,0.0033607052,0.015176953
-0.39278322,1.710044,9.7621,0.025087168,0.0022954408,0.009850631
-0.32093263,1.949546,9.77647,0.027750328,-0.004096146,0.009317999
-0.23471193,1.8824854,9.74294,0.020293478,0.0033607052,0.013579057
-0.2921924,1.6860938,9.77168,0.017630316,-9.003526E-4,0.006122205
-0.30177248,1.9974464,9.623189,0.027217697,0.0044259694,0.0045243083
-0.24908204,1.7339942,9.7142,0.026685065,-0.0035635137,2.6325035E-4
-0.23471193,1.7483643,9.690249,0.026152432,0.0022954408,-0.005063072
-0.27303225,1.9351759,9.77647,0.017097685,0.0044259694,-0.005063072
-0.20118165,1.5950831,9.75731,0.025087168,1.6491182E-4,-0.0045304396
-0.26345217,1.7435743,9.74294,0.022424007,0.0070891306,-0.009856761
-0.3305127,1.9303858,9.704619,0.02348927,0.006023866,-0.009856761
-0.2921924,1.6286134,9.627979,0.018695582,0.0065564984,-0.018378878
-0.2682422,1.7962648,9.73815,0.01390189,0.008154395,-0.019976774
-0.3784131,1.8345851,9.594449,0.014434523,0.016143879,-0.021574672
-0.34488282,1.590293,9.75252,0.01603242,0.005491234,-0.01891151
-0.3879932,1.8968556,9.75731,0.012303994,0.0065564984,-0.012519923
-0.33530274,1.829795,9.618399,0.017630316,0.012415453,-0.018378878
-0.364043,1.7244141,9.68067,0.010706097,0.008154395,-0.018378878
-0.37362307,2.0070264,9.77647,0.011238729,0.010284924,-0.016780982
-0.38320315,1.8585353,9.656719,0.004847143,0.011350188,-0.0135851875
-0.35925296,1.7339942,9.627979,0.0021839817,0.009752291,-0.010389394
-0.42152345,2.0166066,9.7142,0.005379775,0.0033607052,-0.0077262325
-0.39757326,1.705254,9.74773,5.860849E-4,0.0022954408,-0.008258865
-0.45984375,1.829795,9.72857,-0.009001295,0.0017628085,-0.0018672786
-0.37362307,1.949546,9.69504,-0.0026097083,-0.001965617,-8.0201414E-4
-0.43589357,1.6381935,9.77168,-0.0100665605,-0.0014329848,0.001861147
-0.37362307,1.8106349,9.594449,-0.015925514,-0.0024982493,-0.0045304396
-0.32093263,1.8776954,9.671089,-0.016990777,0.0012301763,-0.0013346464
-0.35925296,1.6765138,9.623189,-0.026578158,-0.004096146,-0.0045304396
-0.3305127,1.9016455,9.68067,-0.020719204,-0.0046287784,-0.011454659
-0.30177248,1.7148341,9.70941,-0.0223171,-0.0072919396,-0.01198729
-0.3065625,1.6621436,9.68067,-0.03137185,-0.013150894,-0.014117819
-0.2921924,1.8920655,9.589659,-0.02977395,-0.017411951,-0.016780982
-0.244292,1.6046631,9.6615095,-0.02924132,-0.016879318,-0.019444143
-0.28261232,1.7627344,9.829161,-0.02924132,-0.01954248,-0.024237832
-0.24908204,1.8920655,9.77647,-0.027643424,-0.014216159,-0.027433626
-0.27303225,1.695674,9.833951,-0.027643424,-0.015281423,-0.025303097
-0.32093263,1.9160157,9.77647,-0.026045525,-0.011552998,-0.026368363
-0.27303225,1.7818946,9.6615095,-0.021784468,-0.0067593073,-0.03382521
-0.364043,1.7723145,9.699829,-0.019653939,-0.0035635137,-0.02583573
-0.364043,1.9926564,9.7812605,-0.018588675,-0.01208563,-0.02849889
-0.3065625,1.829795,9.73815,-0.020186571,0.0022954408,-0.026368363
-0.34967285,1.9782863,9.81958,-0.014327618,6.975441E-4,-0.02849889
-0.2682422,1.9974464,9.79084,-0.011664457,-9.003526E-4,-0.023705201
-0.3161426,1.8537452,9.79563,-0.01486025,0.005491234,-0.019976774
-0.2921924,2.0932472,9.766891,-0.021251835,0.0070891306,-0.027433626
-0.29698244,1.8010547,9.843531,-0.022849733,0.01188282,-0.022639936
-0.39278322,1.9399658,9.75731,-0.022849733,0.012415453,-0.024770465
-0.39278322,1.9351759,9.690249,-0.019653939,0.014545982,-0.017846247
-0.39278322,1.8441651,9.656719,-0.01752341,0.02093757,-0.015183085
-0.39278322,1.9734962,9.7142,-0.015925514,0.022535466,-0.014650452
-0.44547364,1.7627344,9.627979,-0.019653939,0.023600731,-0.0135851875
-0.45984375,1.7579445,9.843531,-0.0100665605,0.019872304,-0.015183085
-0.4263135,1.7244141,9.85311,-0.006338134,0.022002835,-0.0061283363
-0.43589357,1.6238233,9.843531,5.3452677E-5,0.014013349,-0.010922027
-0.45505372,1.8585353,9.833951,5.3452677E-5,0.013480717,-0.005063072
-0.4167334,1.6142433,9.872271,0.0016513494,0.013480717,-0.0061283363
-0.47900394,1.7914747,9.901011,5.860849E-4,0.008154395,-0.008258865
-0.48379397,1.7914747,9.881851,0.0059124073,0.010284924,-8.0201414E-4
-0.50774413,1.7579445,9.905801,0.0011187171,0.005491234,-0.0061283363
-0.5125342,1.9016455,9.881851,0.0091082,0.006023866,-0.0023999107
-0.5125342,1.6765138,9.872271,0.0069776713,0.0033607052,0.003991676
-0.5221143,1.954336,9.929751,0.004847143,-3.677204E-4,0.006654837
-0.45505372,1.7579445,9.81958,0.010173465,0.0076217623,0.008252733
-0.46463382,1.839375,9.829161,0.002716614,0.008154395,0.006654837
-0.46463382,1.8202149,9.7621,0.007510304,0.0076217623,0.0071874694
-0.44547364,1.8154249,9.862691,0.012303994,0.010284924,0.006654837
-0.45984375,1.9016455,9.73815,0.01390189,0.0070891306,0.013579057
-0.39757326,1.6908839,9.862691,0.0059124073,0.01188282,0.008785366
-0.34967285,1.8250049,9.77647,0.0091082,0.008154395,0.010915895
-0.37362307,1.7531544,9.800421,0.011238729,0.002828073,0.016774848
-0.28740236,1.7627344,9.70941,0.008575568,0.002828073,0.009850631
-0.3305127,1.7914747,9.704619,0.0064450395,0.005491234,0.013046424
-0.25866213,1.8441651,9.704619,0.008575568,0.0012301763,0.015176953
-0.26345217,1.8010547,9.68067,0.009640832,0.0017628085,0.011981159
-0.29698244,1.8250049,9.671089,0.007510304,0.006023866,0.01464432
-0.2682422,1.8058448,9.632769,0.0011187171,0.008687028,0.01464432
-0.26345217,1.8250049,9.6615095,0.002716614,0.008687028,0.015709585
-0.17723145,1.8058448,9.671089,0.004847143,0.010817557,0.015176953
-0.2203418,1.8824854,9.73815,0.002716614,0.014013349,0.011448528
-0.20597169,1.8729054,9.6758795,0.008575568,0.012415453,0.01943801
-0.24908204,1.7627344,9.7142,0.004847143,0.011350188,0.013046424
-0.25387207,1.8729054,9.651929,0.0032492462,0.009752291,0.009850631
-0.24908204,1.8776954,9.718989,-0.0036749728,0.015611245,0.014111688
-0.25866213,1.8968556,9.64714,-0.0036749728,0.014013349,0.011448528
-0.2778223,1.8585353,9.7142,-0.006870766,0.01188282,0.013046424
-0.24908204,1.9255958,9.7142,-0.011131824,0.0150786145,0.015176953
-0.32093263,1.8729054,9.656719,-0.0026097083,0.016676512,0.009850631
-0.30177248,1.8202149,9.651929,-0.0020770761,0.014013349,0.011981159
-0.2682422,1.7483643,9.73815,-0.0036749728,0.008687028,-2.6938188E-4
-0.364043,1.719624,9.699829,-0.0010118118,0.01188282,0.009850631
-0.31135255,1.7914747,9.7142,0.0011187171,0.01880704,2.6325035E-4
-0.23950197,1.7292042,9.70941,-0.0100665605,0.013480717,0.001861147
-0.3065625,1.719624,9.83874,0.0011187171,0.012948086,0.0055895727
-0.37362307,1.7435743,9.867481,0.002716614,0.002828073,0.0050569405
-0.32572266,1.7866846,9.8866415,0.0021839817,0.0049586017,0.0023937793
-0.35925296,1.9016455,9.8866415,0.0091082,0.0049586017,0.009850631
-0.3161426,1.8345851,9.857901,-0.0031423406,0.0049586017,0.0050569405
-0.37362307,1.8441651,9.877061,0.010706097,0.006023866,0.008785366
-0.3305127,1.8345851,9.867481,0.01603242,0.009752291,0.010915895
-0.34967285,1.8250049,9.910591,0.012836626,0.0092196595,0.0071874694
-0.36883304,1.8345851,9.915381,0.017097685,-0.0046287784,0.012513791
-0.3305127,1.829795,9.848321,0.017630316,-3.677204E-4,0.013579057
-0.3305127,1.8968556,9.901011,0.02348927,-0.0014329848,0.015709585
-0.38320315,1.7914747,9.7621,0.02828296,-3.677204E-4,0.01730748
-0.39757326,1.8776954,9.81958,0.02295664,0.0049586017,0.0077201016
-0.3879932,1.8202149,9.766891,0.018162949,-0.001965617,0.0077201016
-0.3305127,1.8202149,9.79084,0.032011386,-0.0035635137,0.0050569405
-0.38320315,1.8776954,9.7812605,0.03307665,0.0038933374,0.0045243083
-0.39757326,1.8633252,9.7812605,0.03041349,-0.0051614107,0.0077201016
-0.3784131,1.8920655,9.77647,0.029348226,-0.006226675,0.008252733
-0.40715334,1.839375,9.79084,0.03307665,-0.008889836,-8.0201414E-4
-0.3161426,1.9016455,9.78605,0.028815594,-0.006226675,0.006654837
-0.34967285,1.7292042,9.81958,0.029348226,-0.01208563,-0.0023999107
-0.3305127,1.9303858,9.75252,0.032011386,-0.0104877325,0.0055895727
-0.34488282,1.829795,9.72378,0.029880859,-0.009955101,0.0077201016
-0.34967285,1.9208057,9.685459,0.027217697,-0.011552998,0.0045243083
-0.3305127,1.7435743,9.64714,0.03041349,-0.01474879,0.009317999
-0.364043,1.9639161,9.690249,0.025619801,-0.013150894,0.0029264116
-0.2778223,1.7866846,9.651929,0.019760845,-0.006226675,-2.6938188E-4
-0.23950197,1.9782863,9.685459,0.025619801,-0.013683527,0.0029264116
-0.34488282,1.7387843,9.627979,0.017630316,-0.008357204,-0.0013346464
-0.32572266,1.9160157,9.651929,0.02082611,-0.0051614107,-0.0018672786
-0.32093263,1.695674,9.541759,0.017097685,-0.011020365,0.0013285148
-0.31135255,1.9016455,9.651929,0.011771361,-0.006226675,-0.0013346464
-0.3065625,1.7483643,9.613608,0.01390189,-0.005694043,-0.0061283363
-0.34967285,1.9160157,9.69504,0.012303994,-0.0104877325,-0.0066609685
-0.27303225,1.7723145,9.699829,0.013369258,-0.006226675,-0.0018672786
-0.32572266,1.9830762,9.690249,0.01390189,-0.008357204,-0.0061283363
-0.34009278,1.7675245,9.73815,0.008042936,-0.021673009,-0.0018672786
-0.34488282,2.0070264,9.69504,5.3452677E-5,-0.009955101,-0.0077262325
-0.3879932,1.8920655,9.666299,0.0011187171,-0.009955101,-8.0201414E-4
-0.3065625,1.9351759,9.80521,0.0016513494,-0.015814055,-0.0018672786
-0.37362307,1.8633252,9.72857,5.860849E-4,-0.009955101,-0.0039978074
-0.34967285,1.9399658,9.70941,5.3452677E-5,-0.01474879,-0.0061283363
-0.37362307,1.8489552,9.6758795,0.0043145106,-0.005694043,-0.0061283363
-0.33530274,1.8872755,9.623189,0.0064450395,-0.01208563,-0.012519923
-0.34967285,1.8585353,9.7621,0.0032492462,-0.011552998,-0.0034651752
-0.364043,1.9160157,9.704619,-0.0036749728,-0.012618261,-0.0018672786
-0.3544629,1.7675245,9.75731,-0.0058055017,-0.009955101,-0.005063072
-0.35925296,1.8058448,9.79563,-0.001544444,-0.0035635137,-0.00932413
-0.3305127,1.7339942,9.704619,-0.0026097083,-0.011552998,-0.005063072
-0.30177248,1.8776954,9.7142,-0.007936031,-0.016346686,-0.0077262325
-0.3161426,1.839375,9.72378,-0.006338134,-0.016346686,-0.010389394
-0.3305127,1.8441651,9.733359,-0.007936031,-0.018477216,-0.0061283363
-0.39278322,1.7531544,9.704619,-0.006870766,-0.013150894,-0.0077262325
-0.30177248,1.8681153,9.651929,-0.0074033984,-0.012618261,-0.0045304396
-0.36883304,1.829795,9.718989,-0.008468663,-0.014216159,-0.005595704
-0.34009278,1.8106349,9.74773,-0.011131824,-0.01474879,-0.010922027
-0.34009278,1.8106349,9.7142,-0.0074033984,-0.014216159,-0.011454659
-0.3784131,1.8441651,9.72378,-0.019121308,-0.015814055,-0.0045304396
-0.32572266,1.8776954,9.72378,-0.018588675,-0.015814055,-0.0039978074
-0.32572266,1.9112257,9.7621,-0.025512893,-0.016346686,-0.0034651752
-0.38320315,1.8729054,9.671089,-0.023914997,-0.017944584,-0.005063072
-0.3161426,1.9447559,9.70941,-0.026045525,-0.014216159,-0.0039978074
-0.40715334,1.9255958,9.70941,-0.018056042,-3.677204E-4,-0.0013346464
-0.3784131,1.9112257,9.642349,-0.024980262,0.0017628085,0.006122205
-0.3879932,1.8824854,9.733359,-0.02444763,-0.005694043,0.006122205
-0.38320315,1.9303858,9.74294,-0.019121308,0.002828073,0.0050569405
-0.42152345,1.9208057,9.80521,-0.015925514,0.002828073,0.009850631
-0.39278322,1.8824854,9.77647,-0.019121308,1.6491182E-4,0.01943801
-0.46463382,1.9112257,9.896221,-0.012197089,-0.0035635137,0.01730748
-0.41194338,1.8633252,9.862691,-0.009533928,-0.009955101,0.011448528
-0.34009278,1.8202149,9.833951,-0.0074033984,-0.0072919396,0.013046424
-0.39278322,1.9255958,9.881851,-0.004207605,-0.012618261,0.01464432
-0.44547364,1.7675245,9.829161,-0.0026097083,-0.007824572,0.015176953
-0.43110353,1.9447559,9.896221,-0.001541553,-0.004626952,0.011979495
-0.3879932,1.8920655,9.814791,0.0027195048,6.993703E-4,0.016240552
-0.41194338,1.8776954,9.85311,0.014437415,-0.0024964232,0.014110024
-0.45505372,1.8729054,9.80521,0.0064479304,0.004960428,0.013577392
-0.4167334,1.7914747,9.848321,0.012839518,6.993703E-4,0.011446863
-0.43589357,1.7627344,9.73815,0.012839518,0.0044277958,0.010381598
-0.39278322,1.7339942,9.905801,0.021361634,0.0033625313,0.013577392
-0.39278322,1.6908839,9.74773,0.023492161,0.002829899,0.014642656
-0.28740236,1.7339942,9.833951,0.032014277,-0.0035616877,0.014642656
-0.4023633,1.6381935,9.872271,0.024024794,-0.0030290554,0.014642656
-0.3065625,1.8010547,9.910591,0.024024794,0.0012320025,0.008783702
-0.37362307,1.695674,9.766891,0.024557427,6.993703E-4,0.012512127
-0.2778223,1.7244141,9.843531,0.02509006,-0.001963791,0.010914231
-0.30177248,1.7531544,9.733359,0.018698473,-0.0014311586,0.010914231
-0.34967285,1.8010547,9.79084,0.016567944,-0.006757481,0.015175289
-0.34967285,1.7483643,9.69504,0.017100576,-0.0030290554,0.012512127
-0.34488282,1.7914747,9.829161,0.017100576,-0.0014311586,0.016240552
-0.35925296,1.8633252,9.70941,0.016567944,0.0044277958,0.016773185
-0.34488282,1.7531544,9.80521,0.01816584,-0.0030290554,0.015175289
-0.28740236,1.8872755,9.699829,0.019763736,-3.6589417E-4,0.016773185
-0.28261232,1.7531544,9.79084,0.013372149,-0.004626952,0.013577392
-0.28740236,1.9160157,9.72857,0.014437415,-3.6589417E-4,0.008251069
-0.32572266,1.8154249,9.800421,0.0091110915,1.6673806E-4,0.0093163345
-0.37362307,1.9687061,9.718989,0.014437415,0.0017646347,0.01304476
-0.32572266,1.705254,9.7621,0.009643724,0.0022972669,0.0039900118
-0.34488282,1.9830762,9.80521,0.014970046,-8.985264E-4,0.010381598
-0.34009278,1.7387843,9.72857,0.009643724,-3.6589417E-4,0.005055276
-0.2778223,1.9926564,9.81958,0.009643724,-0.0030290554,0.007185805
-0.34009278,1.7435743,9.7142,0.016567944,-0.0051595843,0.01304476
-0.35925296,1.949546,9.81,0.018698473,0.00549306,0.006653173
-0.34967285,1.6573536,9.829161,0.011774253,1.6673806E-4,0.0029247475
-0.33530274,1.9830762,9.77647,0.019231103,0.009221486,0.005055276
-0.2921924,1.6238233,9.7812605,0.01124162,0.002829899,0.006653173
-0.244292,1.9112257,9.85311,0.013904782,1.6673806E-4,-0.002934207
-0.27303225,1.6477735,9.74773,0.016567944,-0.0051595843,0.010914231
-0.31135255,1.9447559,9.829161,0.019763736,-3.6589417E-4,2.6158636E-4
-0.27303225,1.4609619,9.699829,0.015502678,-0.0030290554,-8.0367806E-4
-0.25387207,1.8106349,9.73815,0.009643724,-0.0024964232,-0.0061300006
-0.3305127,1.5998731,9.690249,0.010176357,-0.008355377,-0.010923691
-0.2682422,1.8920655,9.72857,0.005382666,-0.0078227455,-0.01305422
-0.26345217,1.6334034,9.79084,0.01603531,0.0012320025,-0.016250012
-0.26345217,1.9016455,9.79563,0.012839518,0.0038951635,-0.015184749
-0.31135255,1.6238233,9.69504,0.013372149,0.009221486,-0.01305422
-0.28261232,1.8776954,9.843531,0.011774253,0.008156221,-0.018913174
-0.34488282,1.6381935,9.718989,0.014437415,0.002829899,-0.012521587
-0.30177248,1.8585353,9.77647,0.018698473,0.0060256924,-0.012521587
-0.2921924,1.6334034,9.70941,0.016567944,0.0118846465,-0.014652116
-0.39278322,1.8681153,9.704619,0.010708989,0.0076235887,-0.010923691
-0.38320315,1.695674,9.69504,0.013904782,0.0060256924,-0.01305422
-0.37362307,1.8345851,9.77647,0.01124162,0.009754118,-0.013586852
-0.33530274,1.7435743,9.718989,0.017100576,0.0044277958,-0.009858426
-0.39278322,1.9591261,9.73815,0.01603531,0.008156221,-0.007195265
-0.364043,1.7723145,9.80521,0.012306886,0.009754118,-0.009858426
-0.45505372,1.9687061,9.690249,0.010708989,0.0012320025,-0.009325794
-0.38320315,1.7627344,9.704619,0.018698473,0.0012320025,-0.0055973683
-0.38320315,1.9974464,9.74294,0.01603531,0.008156221,-0.011988955
-0.4023633,1.8058448,9.642349,0.011774253,0.0022972669,-0.012521587
-0.34009278,1.9255958,9.666299,0.015502678,1.6673806E-4,-0.0061300006
-0.364043,1.7723145,9.671089,0.014437415,0.009221486,-0.010923691
-0.32572266,1.9160157,9.671089,0.01603531,-0.0035616877,-0.013586852
-0.41194338,1.8968556,9.74294,0.013372149,0.0012320025,-0.007195265
-0.42152345,1.8345851,9.69504,0.008045828,-0.0056922166,-0.004532104
-0.44547364,1.9016455,9.637559,0.013372149,-3.6589417E-4,-0.010923691
-0.4023633,1.829795,9.685459,0.00857846,-0.00409432,-0.0061300006
-0.39278322,1.8824854,9.699829,0.010176357,0.0038951635,-0.007727897
-0.36883304,1.8537452,9.7621,0.00857846,-0.00409432,-0.007727897
-0.3879932,1.8633252,9.72857,0.007513195,-0.0030290554,-0.009858426
-0.43110353,1.7531544,9.75731,0.0037847692,-0.0072901133,-0.007727897
-0.4406836,1.9160157,9.69504,5.8897596E-4,0.0022972669,-0.009325794
-0.39278322,1.7962648,9.77647,0.0021868725,-0.006224849,-0.0055973683
-0.3879932,1.9112257,9.690249,0.005915298,-0.006224849,-2.7104586E-4
-0.364043,1.7962648,9.74773,-0.0020741853,-0.006224849,7.942186E-4
-0.40715334,1.9016455,9.613608,0.0027195048,-0.0136817,-0.0055973683
-0.32093263,1.8537452,9.64714,-0.001541553,-0.0072901133,0.007185805
-0.3544629,1.8585353,9.68067,-0.0052699787,-0.0024964232,0.0061205407
-0.37362307,1.8872755,9.6758795,-0.0074005076,-0.010485906,0.0018594831
-0.3305127,1.9399658,9.584868,-0.0026068175,-0.006757481,0.0093163345
-0.22513184,1.8154249,9.70941,-0.012726829,-0.0078227455,0.0061205407
-0.244292,1.7962648,9.6615095,-0.010063669,-0.006757481,0.0039900118
-0.25866213,1.8202149,9.642349,-0.022846842,-0.0072901133,0.0077184374
-0.244292,1.8441651,9.656719,-0.021781577,-0.00888801,0.0013268508
-0.30177248,1.7818946,9.718989,-0.024977371,-0.009953274,0.0029247475
-0.2682422,1.8729054,9.594449,-0.025510002,-0.0072901133,-0.005064736
-0.2203418,1.7723145,9.642349,-0.023379475,-0.010485906,-0.0018689425
-0.2921924,1.7914747,9.666299,-0.03136896,-0.006224849,-0.0024015747
-0.22513184,1.7627344,9.699829,-0.035097383,-0.010485906,-2.7104586E-4
-0.27303225,1.8585353,9.77647,-0.033499487,-0.009953274,-0.0055973683
-0.25866213,1.6525636,9.78605,-0.03935844,-0.004626952,-0.0061300006
-0.3161426,1.9734962,9.7621,-0.03935844,-0.010485906,0.0029247475
-0.3305127,1.8010547,9.73815,-0.03935844,-0.0072901133,-0.0039994717
-0.32093263,1.9208057,9.843531,-0.043086868,-0.0056922166,7.942186E-4
-0.26345217,1.7675245,9.78605,-0.03882581,-0.0035616877,-0.002934207
-0.33530274,1.9208057,9.857901,-0.038293175,-0.006757481,-0.004532104
-0.2921924,1.7579445,9.82437,-0.03882581,-0.011551172,-0.005064736
-0.244292,1.9112257,9.896221,-0.03669528,-0.012616435,-0.004532104
-0.2921924,1.8250049,9.81958,-0.037227914,-0.011018539,-0.0039994717
-0.3305127,1.8250049,9.848321,-0.03243422,-0.0078227455,-0.007727897
-0.3161426,1.6860938,9.881851,-0.030303692,-0.0078227455,-0.011456323
-0.24908204,1.8441651,9.881851,-0.028705796,-0.0072901133,-0.006662633
-0.32572266,1.8058448,9.910591,-0.025510002,-0.011018539,-0.01305422
-0.3161426,1.7962648,9.905801,-0.028173164,-0.010485906,-0.011456323
-0.2778223,1.839375,9.929751,-0.018585784,-0.009953274,-0.012521587
-0.244292,1.7675245,9.896221,-0.019651048,-0.011018539,-0.018380541
-0.364043,1.7723145,9.924961,-0.014857358,-0.012083803,-0.017315278
-0.27303225,1.8345851,9.896221,-0.0068678753,-0.0136817,-0.015184749
-0.34967285,1.7771046,9.934542,-0.012194198,-0.014214332,-0.009858426
-0.28740236,1.8681153,9.85311,-0.001541553,-0.011018539,-0.011988955
-0.3784131,1.7771046,9.934542,-0.0047373464,-0.011018539,-0.01305422
-0.35925296,1.8010547,9.934542,0.003252137,-0.013149068,-0.012521587
-0.37362307,1.7483643,9.944121,0.0037847692,-0.017410126,-0.008793162
-0.38320315,1.8489552,9.915381,0.0043174014,-0.014214332,-0.014652116
-0.34488282,1.7579445,9.81958,0.0043174014,-0.014746964,-0.0055973683
-0.4406836,1.8058448,9.862691,0.005382666,-0.012616435,-0.004532104
-0.45505372,1.7627344,9.901011,-4.762885E-4,-0.015279597,-0.0039994717
-0.40715334,1.8489552,9.829161,0.006980562,-0.012083803,7.942186E-4
-0.43110353,1.8585353,9.848321,0.01603531,-0.014214332,2.6158636E-4
-0.4263135,1.7962648,9.8866415,0.011774253,-0.019008022,0.0034573798
-0.47900394,1.7675245,9.79563,0.01603531,-0.023801712,0.006653173
-0.44547364,1.8441651,9.848321,0.012839518,-0.02113855,0.008251069
-0.46942386,1.8872755,9.862691,0.014437415,-0.034454357,0.010914231
-0.4406836,1.8106349,9.77647,0.014970046,-0.024334345,0.016773185
-0.39757326,1.9208057,9.79084,0.014437415,-0.024334345,0.019436346
-0.38320315,1.8681153,9.766891,0.012839518,-0.02326908,0.015175289
-0.42152345,1.8585353,9.800421,0.010708989,-0.031791195,0.018903714
-0.364043,1.8920655,9.699829,0.00857846,-0.030725932,0.018903714
-0.36883304,1.9351759,9.671089,0.019231103,-0.032323826,0.018903714
-0.3305127,1.8824854,9.74773,0.012839518,-0.032323826,0.022099508
-0.3065625,1.9016455,9.690249,0.014437415,-0.029128034,0.02263214
-0.32572266,1.8729054,9.685459,0.017100576,-0.033921726,0.026893198
-0.3544629,1.9734962,9.642349,0.020296369,-0.030725932,0.019968979
-0.25387207,1.8154249,9.6758795,0.016567944,-0.02806277,0.018903714
-0.2778223,1.8824854,9.72378,0.020829001,-0.025932241,0.018903714
-0.23471193,1.9112257,9.690249,0.024024794,-0.030193299,0.01304476
-0.19639161,1.9687061,9.685459,0.024024794,-0.026997507,0.009848966
-0.1580713,1.9112257,9.69504,0.02509006,-0.026464874,0.008251069
-0.23471193,1.9255958,9.74773,0.028285852,-0.026464874,0.008251069
-0.22992188,1.9639161,9.704619,0.029351117,-0.02806277,0.004522644
-0.16765137,1.9064356,9.666299,0.02509006,-0.02326908,-2.7104586E-4
-0.20118165,1.9447559,9.627979,0.028818484,-0.01634486,0.008783702
-0.21076173,2.0213966,9.6758795,0.019231103,-0.020073287,0.0039900118
-0.24908204,1.9208057,9.73815,0.020296369,-0.02113855,0.0023921153
-0.22992188,1.9782863,9.68067,0.020296369,-0.022203816,0.0023921153
-0.31135255,2.0357666,9.704619,0.011774253,-0.024866976,0.010381598
-0.28740236,1.9687061,9.75731,0.013372149,-0.024866976,0.008783702
-0.3161426,2.0022364,9.704619,0.012306886,-0.026464874,7.942186E-4
-0.34967285,1.9687061,9.77647,0.012839518,-0.024866976,0.012512127
-0.32572266,1.949546,9.6758795,0.013904782,-0.014214332,0.008251069
-0.37362307,1.8824854,9.73815,0.016567944,-0.027530137,0.0061205407
-0.36883304,1.9399658,9.68067,0.00857846,-0.02113855,0.0093163345
-0.3879932,1.9208057,9.75252,0.010708989,-0.024866976,0.0077184374
-0.45026368,1.8537452,9.68067,0.0091110915,-0.025399609,0.014110024
-0.41194338,1.9734962,9.690249,0.008045828,-0.02326908,0.013577392
-0.43589357,1.8489552,9.733359,0.0091110915,-0.034986988,0.015707921
-0.4263135,1.839375,9.685459,0.0048500337,-0.036584888,0.013577392
-0.3784131,1.8441651,9.72857,0.0011216082,-0.034454357,0.01304476
-0.36883304,1.8345851,9.75252,0.006980562,-0.03765015,0.011979495
-0.37362307,1.8633252,9.666299,0.005915298,-0.04457437,0.013577392
-0.37362307,1.829795,9.73815,5.6343735E-5,-0.04457437,0.015707921
-0.34967285,1.9208057,9.685459,-0.0020741853,-0.044041738,0.01304476
-0.33530274,1.8154249,9.575289,5.8897596E-4,-0.048302796,0.008783702
-0.31135255,1.8920655,9.699829,0.006980562,-0.03285646,0.0055879084
-0.20597169,1.8106349,9.594449,5.6343735E-5,-0.0467049,0.0093163345
-0.2203418,1.9208057,9.627979,0.0011216082,-0.042976473,0.008783702
-0.21076173,1.9255958,9.580078,-0.001541553,-0.036584888,2.6158636E-4
-0.19160157,1.9878663,9.651929,5.6343735E-5,-0.031791195,-0.008793162
-0.24908204,1.9830762,9.584868,5.8897596E-4,-0.035519622,-0.0013363103
-0.17244141,1.9399658,9.637559,-0.0068678753,-0.029128034,-0.009325794
-0.1341211,2.088457,9.651929,-0.008465772,-0.018475391,-0.006662633
-0.2203418,2.088457,9.618399,-0.011128932,-0.017410126,-0.009325794
-0.2778223,2.074087,9.64714,-0.0068678753,-0.008355377,-0.0082605295
-0.21076173,1.9782863,9.685459,-0.0031394497,-0.0056922166,-0.009325794
-0.19639161,2.0453467,9.68067,-0.0020741853,-0.0078227455,-0.01305422
-0.23950197,2.0022364,9.6758795,-0.0020741853,0.0038951635,-0.0055973683
-0.22992188,1.8920655,9.75731,0.0064479304,-0.0014311586,-0.0039994717
-0.3305127,1.8633252,9.632769,-0.0020741853,-0.0030290554,-0.004532104
-0.34009278,1.8010547,9.766891,0.0027195048,-0.0035616877,0.0018594831
-0.2778223,1.8537452,9.80521,5.6343735E-5,0.0012320025,-0.002934207
-0.3065625,1.7675245,9.829161,0.0016542404,-0.00888801,0.0023921153
-0.3305127,1.839375,9.857901,-0.0020741853,-0.009420643,0.005055276
-0.37362307,1.7962648,9.915381,0.0011216082,-0.0078227455,0.0018594831
-0.42152345,1.7818946,9.79563,-0.0010089207,-0.01581223,0.007185805
-0.3879932,1.8202149,9.800421,-0.010063669,-0.018475391,0.0039900118
-0.4167334,1.7531544,9.800421,-0.0052699787,-0.020605918,0.0018594831
-0.45505372,1.8489552,9.74773,-0.009531036,-0.025399609,0.01304476
-0.44547364,1.8824854,9.7812605,-0.008465772,-0.030725932,0.004522644
-0.46463382,1.8154249,9.78605,-0.006335243,-0.024866976,0.0093163345
-0.4023633,1.8537452,9.79084,-0.014857358,-0.02806277,0.014642656
-0.3784131,1.8345851,9.733359,-0.008465772,-0.022203816,0.015175289
-0.4406836,1.8250049,9.64714,-0.013792094,-0.022736449,0.014642656
-0.36883304,1.7531544,9.79563,-0.019651048,-0.019540654,0.015707921
-0.37362307,1.8154249,9.72378,-0.02018368,-0.031791195,0.018371083
-0.3065625,1.7579445,9.68067,-0.018585784,-0.027530137,0.024762668
-0.3305127,1.8058448,9.68067,-0.018585784,-0.025399609,0.023164771
-0.29698244,1.7818946,9.699829,-0.018053152,-0.023801712,0.024230037
-0.2778223,1.8202149,9.7621,-0.022846842,-0.024334345,0.01783845
-0.21555176,1.7771046,9.671089,-0.021781577,-0.024866976,0.02263214
-0.23471193,1.7387843,9.718989,-0.030836325,-0.019540654,0.02263214
-0.16765137,1.7723145,9.75252,-0.018585784,-0.014214332,0.022099508
-0.18681154,1.7771046,9.766891,-0.017520519,-0.022203816,0.019436346
-0.16765137,1.7292042,9.79563,-0.018585784,-0.012616435,0.021566875
-0.13891114,1.719624,9.78605,-0.018585784,-0.013149068,0.018903714
-0.13891114,1.7771046,9.901011,-0.016455255,-0.022203816,0.02263214
-0.16765137,1.7387843,9.891431,-0.0137989605,-0.014218669,0.020505562
-0.1341211,1.7004639,9.910591,-0.013266328,-0.0120881405,0.017842403
-0.16286133,1.7579445,9.901011,-0.009537903,-0.014751301,0.016244505
-0.1580713,1.7771046,9.905801,-0.0137989605,-0.004098657,0.010918183
-0.17244141,1.7292042,9.896221,-0.0010157871,-0.010490243,0.013048712
-0.1820215,1.7627344,9.905801,0.0011147418,-0.006761818,0.014646608
-0.2203418,1.6860938,9.953702,0.001647374,-0.0046312893,7.981705E-4
-0.19160157,1.705254,9.891431,0.006441064,-0.007827083,0.009852919
-0.17244141,1.7004639,9.857901,0.0075063286,-0.006229186,0.010385551
-0.19160157,1.7866846,9.891431,0.006441064,-0.0072944504,0.011983448
-0.1101709,1.8250049,9.881851,0.008571593,-0.007827083,0.014646608
-0.24908204,1.6573536,9.79563,0.010702122,-0.0051639215,0.010385551
-0.15328126,1.7339942,9.81958,0.018158972,-0.0019681281,0.010385551
-0.13891114,1.695674,9.857901,0.01762634,-0.00942498,0.0050592283
-0.2203418,1.705254,9.800421,0.019224236,-0.0051639215,0.009852919
-0.27303225,1.719624,9.78605,0.020822134,-0.011555509,0.009852919
-0.23471193,1.8345851,9.733359,0.018158972,0.0012276652,0.004526596
-0.3305127,1.7866846,9.73815,0.024017926,0.0017602975,0.0034613316
-0.2921924,1.8489552,9.80521,0.019756868,-0.0046312893,0.0023960671
-0.28261232,1.7723145,9.75252,0.020289501,-0.007827083,0.0061244927
-0.3161426,1.7771046,9.733359,0.019224236,-0.0056965537,-2.6709394E-4
-0.3305127,1.7818946,9.77168,0.012300019,-3.7023152E-4,0.0125160795
-0.38320315,1.8106349,9.623189,0.016561076,-0.0072944504,0.0077223894
-0.31135255,1.7387843,9.733359,0.02242003,-0.0046312893,0.008787654
-0.35925296,1.8441651,9.733359,0.014963179,-0.007827083,0.013581345
-0.32572266,1.7531544,9.72857,0.01762634,-0.0072944504,0.013581345
-0.364043,1.8106349,9.637559,0.01762634,-0.008892347,0.011450816
-0.3879932,1.7723145,9.671089,0.013365283,-0.011022876,0.013581345
-0.39757326,1.7914747,9.74294,0.013365283,-0.015816567,0.019440299
-0.36883304,1.7771046,9.690249,0.010702122,-0.015816567,0.0125160795
-0.2778223,1.8202149,9.79084,0.012832651,-0.020077625,0.013048712
-0.2921924,1.705254,9.7812605,0.012300019,-0.021675522,0.011983448
-0.32572266,1.7962648,9.70941,0.012300019,-0.022740787,0.016244505
-0.28740236,1.8058448,9.671089,0.019756868,-0.017414464,0.016244505
-0.21555176,1.7387843,9.72378,0.012832651,-0.022740787,0.008787654
-0.24908204,1.7866846,9.81,0.013365283,-0.023273418,0.0061244927
-0.19639161,1.7579445,9.74294,0.011234754,-0.01901236,0.010385551
-0.21076173,1.8776954,9.733359,0.012300019,-0.027001845,0.0055918605
-0.2203418,1.6621436,9.7812605,0.011234754,-0.024871314,-2.6709394E-4
-0.14849122,1.829795,9.75252,0.01016949,-0.016349198,0.0077223894
-0.2203418,1.7771046,9.718989,0.012300019,-0.028599741,-0.008256577
-0.16286133,1.7914747,9.80521,0.014430548,-0.01847973,-0.005060784
-0.19160157,1.9064356,9.79084,0.009104225,-0.024871314,-0.007191313
-0.19160157,1.9112257,9.7812605,0.016028443,-0.012620772,-0.002397623
-0.25387207,1.8681153,9.68067,0.008038961,-0.016349198,-0.0018649907
-0.21076173,1.8824854,9.891431,0.008038961,-0.014218669,0.0018634349
-0.20118165,1.8872755,9.78605,0.01016949,-0.015283934,-0.0039955196
-0.22992188,1.8441651,9.77168,0.0048431675,-0.011555509,-7.997262E-4
-0.25387207,1.8920655,9.82437,0.0075063286,-0.010490243,-0.0066586807
-0.3544629,1.8729054,9.829161,0.0043105353,-0.015283934,-0.0013323585
-0.29698244,1.8345851,9.79563,4.9477327E-5,-0.00942498,0.0018634349
-0.3305127,1.8202149,9.73815,0.003777903,-0.013153405,0.0013308027
-0.33530274,1.8824854,9.75731,0.0053757997,-0.013686038,0.0055918605
-0.3065625,1.8010547,9.77647,0.003777903,-0.015283934,-7.997262E-4
-0.2778223,1.7387843,9.73815,0.0027126386,-0.01847973,0.0023960671
-0.3544629,1.8202149,9.81,-0.003146316,-0.015816567,0.004526596
-0.3879932,1.8633252,9.83874,-0.0068747415,-0.013686038,-0.002397623
-0.25866213,1.7627344,9.77647,-4.831549E-4,-0.021675522,0.0055918605
-0.34009278,1.8681153,9.75252,-0.0010157871,-0.020077625,0.006657125
-0.3161426,1.8489552,9.79563,-0.0074073737,-0.025403947,0.011450816
-0.3161426,1.8010547,9.766891,-0.0063421093,-0.02593658,0.009852919
-0.36883304,1.949546,9.718989,-0.007940006,-0.029132372,0.0018634349
-0.37362307,1.9782863,9.74773,-0.008472638,-0.02380605,0.0125160795
-0.34967285,1.9830762,9.75252,-0.010070535,-0.024338683,0.013581345
-0.31135255,2.0501368,9.570498,-0.0036789482,-0.016349198,0.014646608
-0.3784131,2.0070264,9.733359,-0.005276845,-0.019544993,0.020505562
-0.34009278,2.0309765,9.656719,-0.0068747415,-0.01901236,0.025831886
-0.3065625,2.1028273,9.766891,-0.011135799,-0.015816567,0.027962415
-0.34967285,2.059717,9.690249,-0.0074073737,-0.021675522,0.03169084
-0.3544629,2.0213966,9.699829,-0.0010157871,-0.020077625,0.03222347
-0.30177248,2.0501368,9.618399,-0.008472638,-0.01901236,0.036484532
-0.30177248,2.0309765,9.64714,-0.009537903,-0.016881831,0.03861506
-0.2921924,2.0261867,9.699829,-0.005276845,-0.014218669,0.035419267
-0.2921924,2.064507,9.685459,-0.0047442126,-0.009957612,0.045006648
-0.21555176,2.0261867,9.72857,-4.831549E-4,-0.008359714,0.040212955
-0.20597169,1.954336,9.77647,0.001647374,-0.010490243,0.042876117
-0.23471193,1.9112257,9.78605,-0.0010157871,-0.0051639215,0.042876117
-0.21076173,1.9591261,9.79563,4.9477327E-5,-0.008359714,0.040745586
-0.20597169,1.9112257,9.77168,0.0011147418,-0.008892347,0.04127822
-0.1820215,1.9160157,9.699829,5.8210955E-4,-0.015283934,0.036484532
-0.11496094,1.8537452,9.79084,-0.0020810515,-0.011022876,0.037017163
-0.09580079,1.9639161,9.79084,-0.0020810515,-3.7023152E-4,0.040745586
-0.12454102,2.0166066,9.75252,0.001647374,-0.0014354959,0.043941382
-0.16286133,2.0022364,9.64714,-0.0020810515,-0.0019681281,0.03861506
-0.14370118,1.9064356,9.74294,0.006973696,0.011880309,0.036484532
-0.119750984,1.9687061,9.699829,5.8210955E-4,0.005488723,0.035951898
-0.14849122,1.8968556,9.7142,0.0032452708,-0.0014354959,0.02956031
-0.19160157,1.9112257,9.733359,4.9477327E-5,0.002825562,0.034354
-0.14370118,1.9255958,9.75731,0.0021800064,0.0065539875,0.03169084
-0.1820215,1.9016455,9.704619,0.006441064,6.9503294E-4,0.02956031
-0.19639161,1.9447559,9.685459,-0.0010157871,0.0070866197,0.03222347
-0.12933107,1.8010547,9.699829,0.0043105353,0.0017602975,0.03169084
-0.13891114,1.9112257,9.7142,-4.831549E-4,0.0038908264,0.03169084
-0.13891114,1.8058448,9.666299,-0.0036789482,0.0033581941,0.03169084
-0.14849122,1.8968556,9.656719,0.003777903,0.011880309,0.025831886
-0.1341211,1.9208057,9.72378,4.9477327E-5,0.008151884,0.02476662
-0.14370118,1.8968556,9.79084,-0.009537903,0.0044234586,0.02956031
-0.07664063,1.9591261,9.73815,-0.0063421093,0.0060213553,0.03169084
-0.081430666,1.9016455,9.7142,-0.007940006,0.0022929297,0.033288736
-0.12933107,1.9591261,9.6758795,-0.0047442126,-0.0014354959,0.034354
-0.10538086,1.9064356,9.70941,-0.016462123,6.9503294E-4,0.028495047
-0.1101709,1.8968556,9.69504,-0.017527387,-0.0030333926,0.029027678
-0.07185059,1.9447559,9.637559,-0.016462123,0.0022929297,0.030625576
-0.11496094,1.9399658,9.651929,-0.022321077,0.008151884,0.033288736
-0.10538086,1.949546,9.68067,-0.02285371,0.002825562,0.023701357
-0.10538086,1.9782863,9.627979,-0.029245296,0.005488723,0.028495047
-0.047900394,2.0118165,9.623189,-0.020190548,0.016673999,0.02210346
-0.12933107,1.9926564,9.666299,-0.026049502,0.011347678,0.023168724
-0.047900394,2.0166066,9.690249,-0.024984239,0.0065539875,0.02423399
-0.081430666,2.0213966,9.666299,-0.01806002,0.010815046,0.015711874
-0.06706055,2.0118165,9.70941,-0.023386342,0.011347678,0.016777137
-0.14849122,2.0261867,9.608819,-0.017527387,0.015076104,0.019440299
-0.10538086,1.949546,9.829161,-0.014864225,0.02146769,0.021038195
-0.12454102,1.9112257,9.78605,-0.011668432,0.010815046,0.010385551
-0.081430666,1.8681153,9.843531,-0.020190548,0.020935057,0.009320287
-0.1101709,1.8920655,9.83874,-0.00900527,0.015608734,0.009852919
-0.1101709,1.7818946,9.82437,-0.010603167,0.019869791,0.008255022
-0.11496094,1.7675245,9.83874,-0.007940006,0.019869791,0.0061244927
-0.11496094,1.8010547,9.867481,-0.0063421093,0.016141366,0.0034613316
-0.119750984,1.6429834,9.934542,-0.0026136837,0.014543471,0.0018634349
-0.05269043,1.710044,9.637559,-0.0063421093,0.017206632,0.0023960671
-0.100590825,1.7531544,9.671089,-0.0015484194,0.023065586,-0.00878921
-0.13891114,1.7866846,9.862691,-0.007940006,0.020935057,-0.00878921
-0.17244141,1.7675245,9.953702,0.0048431675,0.016141366,-0.007191313
-0.16765137,1.8010547,9.8866415,-0.0015484194,0.0065539875,-0.0055934163
-0.21076173,1.8106349,9.877061,5.8210955E-4,0.004956091,-0.009321841
-0.20597169,1.8202149,9.7812605,-0.0010157871,0.005488723,-0.005060784
-0.20118165,1.8345851,9.79084,0.0048431675,0.0070866197,-0.002397623
-0.20597169,1.8824854,9.891431,0.0032452708,0.00974978,0.0034613316
-0.22992188,1.8585353,9.7812605,0.008571593,0.008684517,0.0018634349
-0.21555176,1.8968556,9.72378,0.0053757997,0.011880309,0.0055918605
-0.24908204,1.8202149,9.77168,0.009636858,0.008684517,7.981705E-4
-0.22513184,1.8920655,9.74294,0.005908432,0.011880309,2.6553829E-4
-0.24908204,1.9687061,9.83874,0.003777903,0.002825562,0.0061244927
-0.22513184,1.9112257,9.77647,0.013365283,0.0022929297,0.0034613316
-0.21555176,1.9112257,9.70941,0.0043105353,0.0022929297,-0.0013323585
-0.19160157,1.8441651,9.704619,0.003777903,0.002825562,0.0018634349
-0.17244141,1.8872755,9.7812605,0.009104225,0.0076192515,0.0034613316
-0.24908204,1.9255958,9.69504,0.005908432,0.004956091,-2.6709394E-4
-0.22513184,1.8729054,9.72857,-0.0015484194,0.0038908264,0.008255022
-0.21555176,1.9303858,9.7142,0.008038961,0.0076192515,0.006657125
-0.2203418,1.9016455,9.656719,0.006441064,0.0070866197,0.009320287
-0.18681154,1.8585353,9.699829,0.003777903,0.010282413,0.0061244927
-0.21076173,1.7914747,9.79563,0.0053757997,0.011880309,0.0018634349
-0.19639161,1.8729054,9.75731,0.0053757997,0.016141366,0.009320287
-0.12454102,1.839375,9.77647,0.016561076,0.012412942,0.009852919
-0.19639161,1.8633252,9.7621,0.0011147418,0.0134782065,0.007189757
-0.18681154,1.8106349,9.74294,0.0027126386,0.02146769,0.008255022
-0.14370118,1.7723145,9.75252,0.0053757997,0.008151884,0.0018634349
-0.19160157,1.7579445,9.833951,0.009636858,0.012945575,0.006657125
-0.2203418,1.8058448,9.800421,0.008038961,0.016141366,0.003993964
-0.13891114,1.7339942,9.77168,0.0048431675,0.018271895,0.0034613316
-0.1101709,1.7771046,9.81,0.008571593,0.015076104,0.0018634349
-0.21076173,1.7292042,9.766891,0.0048431675,0.014010838,0.008255022
-0.16765137,1.8202149,9.7142,4.9477327E-5,0.015608734,0.004526596
-0.15328126,1.7866846,9.800421,0.012832651,0.014543471,-0.004528152
-0.17244141,1.7244141,9.77168,0.012832651,0.014543471,2.6553829E-4
-0.2682422,1.6621436,9.924961,0.008571593,0.011347678,-0.002397623
-0.16765137,1.705254,9.829161,0.01016949,0.012945575,-2.6709394E-4
-0.20118165,1.719624,9.814791,0.01016949,0.0060213553,7.981705E-4
-0.12454102,1.7004639,9.833951,0.013897915,0.0076192515,-0.0055934163
-0.16286133,1.6813037,9.73815,0.010702122,0.0060213553,-0.00878921
-0.21076173,1.7292042,9.80521,0.008571593,0.0076192515,-0.01145237
-0.19639161,1.705254,9.843531,0.011234754,0.0017602975,-0.015713427
-0.2203418,1.6669337,9.81,0.006441064,0.0033581941,-0.007191313
-0.22992188,1.6286134,9.82437,0.01016949,0.0038908264,-0.015180796
-0.27303225,1.6860938,9.829161,0.005908432,-0.0072944504,-0.009321841
-0.2778223,1.6717237,9.80521,0.006441064,-3.7023152E-4,-0.016778693
-0.29698244,1.7962648,9.766891,0.0021800064,-0.0014354959,-0.01624606
-0.3065625,1.7579445,9.80521,0.0027126386,-0.004098657,-0.017843958
-0.3784131,1.8489552,9.70941,0.0043105353,-9.0286374E-4,-0.015180796
-0.30177248,1.7866846,9.800421,-0.0042115804,0.0038908264,-0.013582899
-0.3065625,1.839375,9.77647,0.0011147418,-0.0014354959,-0.014648164
-0.34488282,1.839375,9.74773,-0.0015484194,-0.0025007604,-0.014115531
-0.34967285,1.8010547,9.81,5.8210955E-4,-9.0286374E-4,-0.016778693
-0.4167334,1.7292042,9.690249,0.0011147418,-0.011022876,-0.0130502675
-0.45505372,1.8058448,9.80521,0.003777903,-0.00942498,-0.01145237
-0.4023633,1.7675245,9.7812605,-0.003146316,-0.006229186,-0.0130502675
-0.45026368,1.8681153,9.77168,0.001647374,-0.014218669,-0.010387106
-0.46463382,1.8681153,9.78605,-4.831549E-4,-0.004098657,-0.0061260485
-0.5221143,1.839375,9.72857,0.001647374,-0.009957612,-0.0039955196
-0.52690434,1.8489552,9.766891,0.0043105353,-0.013686038,-0.0013323585
-0.53169435,1.8345851,9.75252,0.005908432,-0.016349198,-0.0018649907
-0.4742139,1.8345851,9.7621,0.0048431675,-0.012620772,-0.0013323585
-0.46942386,1.8776954,9.671089,0.0021800064,-0.015816567,0.007189757
-0.488584,1.9447559,9.733359,-0.0020810515,-0.006229186,0.013048712
-0.47900394,1.9974464,9.7812605,5.8210955E-4,-0.016349198,0.011450816
-0.52690434,1.9734962,9.6615095,0.0021800064,-0.0072944504,0.021038195
-0.47900394,1.9112257,9.74773,0.0053757997,-0.0120881405,0.023168724
-0.3784131,1.954336,9.733359,0.008571593,-0.020610256,0.016777137
-0.41194338,1.9591261,9.6615095,0.006441064,-0.014751301,0.015179241
-0.39278322,1.9687061,9.68067,0.008038961,-0.010490243,0.013581345
-0.39278322,1.9351759,9.637559,0.0048431675,-0.014218669,0.02210346
-0.3784131,1.8441651,9.7621,0.0048431675,-0.017414464,0.023701357
-0.38320315,1.9687061,9.69504,0.009636858,-0.012620772,0.019972932
-0.34967285,1.8872755,9.671089,0.009636858,-0.00942498,0.021038195
-0.3544629,1.954336,9.671089,0.006441064,-0.00942498,0.023168724
-0.29698244,1.9351759,9.623189,0.012832651,-0.013153405,0.025831886
-0.4023633,1.8920655,9.70941,0.0027126386,-0.010490243,0.019440299
-0.26345217,1.8776954,9.642349,0.003777903,-0.0030333926,0.017842403
-0.24908204,1.9351759,9.6615095,0.0043105353,-0.0056965537,0.022636093
-0.23950197,1.9255958,9.608819,0.009636858,-0.004098657,0.015711874
-0.22992188,1.8537452,9.642349,0.0027195048,-8.985264E-4,0.022099508
-0.19160157,1.8441651,9.69504,0.0048500337,1.6673806E-4,0.024762668
-0.19160157,1.8441651,9.69504,0.003252137,0.0012320025,0.02742583
-0.28261232,1.7914747,9.64714,-0.0020741853,-0.0051595843,0.022099508
-0.28261232,1.8776954,9.74294,-0.001541553,0.0060256924,0.021034243
-0.22992188,1.8058448,9.704619,-0.0074005076,-0.001963791,0.023164771
-0.24908204,1.8106349,9.6758795,-0.003672082,-0.0030290554,0.024762668
-0.1820215,1.8345851,9.632769,-0.0068678753,1.6673806E-4,0.02263214
-0.21555176,1.7627344,9.74773,-0.008465772,-8.985264E-4,0.026360566
-0.244292,1.8345851,9.7621,-0.013259461,-0.006224849,0.029023726
-0.25387207,1.7771046,9.81,-0.012194198,-0.009420643,0.029556358
-0.20118165,1.7627344,9.862691,-0.010063669,-0.009953274,0.023164771
-0.14849122,1.7675245,9.862691,-0.010063669,-0.0056922166,0.026893198
-0.14370118,1.8537452,9.766891,-0.0020741853,-0.0035616877,0.022099508
-0.17244141,1.7771046,9.704619,-0.006335243,-0.0035616877,0.029023726
-0.22992188,1.8345851,9.604029,-0.011128932,-0.0014311586,0.022099508
-0.1341211,1.8202149,9.75252,-0.014324727,-0.004626952,0.023697404
-0.086220704,1.8633252,9.829161,-0.018053152,-0.001963791,0.016240552
-0.11496094,1.8154249,9.843531,-0.014857358,-0.016877493,0.013577392
-0.14370118,1.9255958,9.75731,-0.01538999,-0.019540654,0.012512127
-0.09580079,1.8585353,9.72378,-0.014324727,-0.014214332,-2.7104586E-4
-0.11496094,1.8729054,9.70941,-0.016455255,-0.01634486,0.0023921153
-0.086220704,1.9208057,9.79084,-0.019651048,-0.009953274,-0.0013363103
-0.11496094,1.8058448,9.75731,-0.019118417,-0.010485906,-0.0018689425
-0.12933107,1.9064356,9.848321,-0.016455255,-0.013149068,0.0023921153
-0.16765137,1.8441651,9.81,-0.020716313,-0.006757481,-0.0039994717
-0.16286133,1.8968556,9.867481,-0.010063669,-0.012083803,-0.0034668392
-0.19160157,1.8441651,9.843531,-0.018585784,-0.004626952,-0.009325794
-0.21076173,1.8585353,9.915381,-0.011128932,-0.011551172,0.0029247475
-0.24908204,1.8106349,9.833951,-0.008465772,-0.008355377,-0.004532104
-0.19160157,1.8345851,9.872271,-0.0031394497,-0.011018539,-0.0082605295
-0.23950197,1.8824854,9.81,-0.005802611,-0.011018539,-0.007195265
-0.17723145,1.7914747,9.867481,-0.0020741853,-0.013149068,-0.009858426
-0.2921924,1.8441651,9.7812605,0.005382666,-0.012083803,-0.009858426
-0.23471193,1.7723145,9.848321,-0.001541553,-0.014214332,-0.010923691
-0.21076173,1.7675245,9.872271,0.0027195048,-0.012616435,-0.0141194835
-0.2778223,1.8154249,9.862691,-0.0020741853,-0.019540654,-0.015184749
-0.23471193,1.8489552,9.915381,5.6343735E-5,-0.019540654,-0.012521587
-0.22992188,1.9303858,9.829161,0.0011216082,-0.01634486,-0.011456323
-0.244292,1.9112257,9.843531,0.0021868725,-0.018475391,-0.010923691
-0.28261232,1.9208057,9.79563,0.0027195048,-0.014746964,-0.006662633
-0.24908204,1.954336,9.7142,0.0011216082,-0.020073287,-0.004532104
-0.3161426,1.9734962,9.829161,-0.004204714,-0.014746964,-0.0013363103
-0.29698244,1.829795,9.72378,0.0027195048,-0.024334345,7.942186E-4
-0.27303225,1.9303858,9.718989,0.005915298,-0.018475391,-2.7104586E-4
-0.26345217,1.9016455,9.69504,5.8897596E-4,-0.017410126,-0.002934207
-0.2682422,1.954336,9.7812605,0.0043174014,-0.012616435,7.942186E-4
-0.23950197,1.9064356,9.814791,0.0043174014,-0.0078227455,0.008251069
-0.32093263,1.9112257,9.81958,0.0016542404,-0.011018539,0.010381598
-0.3161426,1.8824854,9.857901,-4.762885E-4,-0.006757481,0.016240552
-0.3544629,1.9591261,9.77168,0.007513195,-0.009420643,0.008251069
-0.3305127,1.9112257,9.75252,0.0021868725,-0.0035616877,0.014642656
-0.33530274,1.9160157,9.685459,0.0037847692,-0.009420643,0.018371083
-0.3161426,1.8776954,9.74294,0.008045828,-0.0030290554,0.013577392
-0.2778223,1.9160157,9.699829,0.0027195048,-0.001963791,0.018371083
-0.2921924,1.8729054,9.7812605,0.007513195,-0.00888801,0.019968979
-0.31135255,1.8729054,9.814791,0.0021868725,-0.010485906,0.016773185
-0.21555176,1.9303858,9.72857,0.008045828,-0.009420643,0.016240552
-0.20118165,1.9447559,9.7621,0.012839518,-0.0078227455,0.019968979
-0.11496094,1.8729054,9.666299,0.016567944,-0.0030290554,0.016773185
-0.13891114,1.8872755,9.6615095,0.023492161,-0.0035616877,0.016240552
-0.1580713,1.9591261,9.627979,0.021894265,-0.001963791,0.016240552
-0.14849122,2.0070264,9.560919,0.019231103,-0.004626952,0.010914231
-0.12933107,2.064507,9.70941,0.01603531,0.0012320025,0.014110024
-0.18681154,1.9974464,9.69504,0.012839518,0.0065583247,0.012512127
-0.09580079,2.0501368,9.671089,0.01124162,0.008156221,0.015707921
-0.1341211,2.0118165,9.623189,0.019231103,0.010819383,0.015175289
-0.09101075,2.0501368,9.551338,0.013372149,0.014015175,0.012512127
-0.07185059,2.0118165,9.637559,0.007513195,0.017743602,0.01304476
-0.13891114,1.9639161,9.575289,0.013372149,0.025733085,0.0093163345
-0.17723145,1.9687061,9.637559,5.6343735E-5,0.026265718,0.011446863
-0.14849122,1.9255958,9.560919,0.0048500337,0.025733085,0.005055276
-0.10538086,1.8776954,9.570498,0.010708989,0.028396245,0.0077184374
-0.1580713,1.8058448,9.575289,0.0091110915,0.020939395,0.010381598
-0.1820215,1.8345851,9.584868,-0.0020741853,0.02200466,-2.7104586E-4
-0.12933107,1.7675245,9.70941,-0.001541553,0.01987413,0.0018594831
-0.1580713,1.719624,9.75252,0.0027195048,0.018808866,-0.009325794
-0.119750984,1.7292042,9.75252,-4.762885E-4,0.01721097,-0.007195265
-0.09580079,1.6765138,9.81958,-0.008465772,0.013482544,-0.011456323
-0.14849122,1.6765138,9.79563,-0.0105963005,0.0076235887,-0.015184749
-0.1580713,1.7148341,9.81,-0.013792094,0.0022972669,-0.019978438
-0.13891114,1.7148341,9.7621,-0.017520519,-0.001963791,-0.022108968
-0.19160157,1.6669337,9.843531,-0.016987886,0.002829899,-0.029033186
-0.25387207,1.6908839,9.81,-0.02231421,0.0038951635,-0.026902657
-0.2778223,1.719624,9.718989,-0.021248944,0.0038951635,-0.029565819
-0.30177248,1.829795,9.766891,-0.03136896,-0.00409432,-0.029565819
-0.34009278,1.839375,9.666299,-0.032966852,-0.0051595843,-0.027967922
-0.32093263,1.7962648,9.7621,-0.03616265,-8.985264E-4,-0.026902657
-0.39757326,1.9112257,9.72857,-0.03136896,-0.006757481,-0.030098451
-0.364043,1.8202149,9.704619,-0.02977106,-0.014214332,-0.023706865
-0.3065625,1.829795,9.69504,-0.034564752,-0.011551172,-0.023706865
-0.34009278,1.8920655,9.671089,-0.033499487,-0.009420643,-0.013586852
-0.27303225,1.8968556,9.651929,-0.028705796,-0.012616435,-0.014652116
-0.28261232,1.8106349,9.383687,-0.029238429,-0.010485906,-0.018913174
-0.24908204,1.8441651,9.043594,-0.03669528,-0.0024964232,-0.008793162
-0.41194338,1.829795,9.239985,-0.041488968,-0.010485906,-0.01784791
-0.5221143,1.954336,9.77168,-0.03616265,-0.026997507,-0.01305422
-0.4263135,2.0070264,10.111773,-0.040956337,-0.033921726,-0.0141194835
-0.35925296,1.9160157,10.274634,-0.0436195,-0.04723753,-0.019978438
-0.32093263,1.9878663,10.126143,-0.038293175,-0.04457437,-0.024772128
-0.31135255,1.9016455,9.857901,-0.03190159,-0.020073287,-0.0141194835
-0.32093263,1.7675245,9.651929,-0.03989107,-0.0035616877,-0.012521587
-0.36883304,1.7387843,9.479487,-0.0436195,1.6673806E-4,-0.005064736
-0.3544629,1.7339942,9.513018,-0.043086868,0.016678337,-0.0024015747
-0.25387207,1.719624,9.618399,-0.038293175,0.002829899,0.0023921153
-0.12454102,1.8345851,9.718989,-0.03669528,-0.0014311586,0.007185805
-0.1341211,1.8202149,9.867481,-0.037760545,-0.020605918,7.942186E-4
-0.06706055,1.8058448,9.83874,-0.032966852,-0.026464874,-0.0039994717
-0.09101075,1.8824854,9.843531,-0.033499487,-0.024866976,0.005055276
-0.10538086,1.8920655,9.74773,-0.030836325,-0.017942758,2.6158636E-4
-0.20118165,1.8537452,9.704619,-0.03190159,0.0012320025,0.007185805
-0.20118165,1.8106349,9.690249,-0.037760545,0.009754118,0.0034573798
-0.30177248,1.8154249,9.862691,-0.02977106,0.018276233,0.008251069
-0.3065625,1.8154249,9.867481,-0.025510002,0.014547808,0.01304476
-0.34009278,1.6908839,9.934542,-0.02018368,0.008156221,0.026893198
-0.34488282,1.6908839,10.035132,-0.016987886,0.009754118,0.02050161
-0.23950197,1.6477735,9.948912,-0.012726829,0.0022972669,0.024230037
-0.26345217,1.6525636,9.910591,-0.005802611,-0.015279597,0.023697404
-0.24908204,1.6142433,9.953702,-0.008998403,-0.004626952,0.023697404
-0.244292,1.6908839,9.82437,-0.0052699787,-0.006224849,0.022099508
-0.22513184,1.6381935,9.881851,-0.004204714,-8.985264E-4,0.021566875
-0.28261232,1.6717237,9.881851,-0.0074005076,0.00549306,0.015707921
-0.244292,1.6813037,9.85311,-0.0047373464,-0.001963791,0.019968979
-0.23471193,1.7387843,9.924961,-0.011128932,1.6673806E-4,0.018903714
-0.30177248,1.7292042,9.80521,-4.762885E-4,0.0012320025,0.01783845
-0.31135255,1.8585353,9.843531,-4.762885E-4,-3.6589417E-4,0.014110024
-0.34967285,1.7914747,9.75731,5.8897596E-4,0.0038951635,0.014642656
-0.3065625,1.839375,9.79563,5.8897596E-4,-0.006224849,0.01783845
-0.2778223,1.8441651,9.77647,0.0011216082,0.008688854,0.019436346
-0.25866213,1.7962648,9.800421,-4.762885E-4,-0.0035616877,0.011979495
-0.29698244,1.8202149,9.718989,5.6343735E-5,-0.0056922166,0.019436346
-0.28261232,1.8010547,9.733359,0.0021868725,-0.0014311586,0.02263214
-0.3161426,1.8345851,9.77168,0.0016542404,-0.001963791,0.021566875
-0.27303225,1.8010547,9.73815,0.0048500337,-0.0035616877,0.019968979
-0.25866213,1.7866846,9.73815,-0.0010089207,-0.00888801,0.023164771
-0.19639161,1.7962648,9.72378,-0.001541553,-0.0024964232,0.018903714
-0.17723145,1.8106349,9.7621,-4.762885E-4,-0.0014311586,0.021034243
-0.16286133,1.8106349,9.656719,-0.0068678753,-0.0030290554,0.021566875
-0.23471193,1.8537452,9.6615095,-0.0068678753,0.0044277958,0.021034243
-0.20597169,1.8585353,9.79563,-0.001541553,-0.0030290554,0.024230037
-0.14849122,1.7675245,9.64714,-0.005802611,-0.0024964232,0.02263214
